COMMENT:
run 23: model shows plausible convergense with 1600 spectra dataset, increasing it to full 1800-item dataset to test model performance with full spectra base. Same parameters as before
=================MODEL=================
NeuralNetwork(
  (neural_stack): Sequential(
    (0): Linear(in_features=8575, out_features=2048, bias=True)
    (1): LeakyReLU(negative_slope=0.01)
    (2): Linear(in_features=2048, out_features=1024, bias=True)
    (3): LeakyReLU(negative_slope=0.01)
    (4): Linear(in_features=1024, out_features=512, bias=True)
    (5): LeakyReLU(negative_slope=0.01)
    (6): Linear(in_features=512, out_features=256, bias=True)
    (7): LeakyReLU(negative_slope=0.01)
    (8): Linear(in_features=256, out_features=128, bias=True)
    (9): LeakyReLU(negative_slope=0.01)
    (10): Linear(in_features=128, out_features=50, bias=True)
    (11): LeakyReLU(negative_slope=0.01)
    (12): Linear(in_features=50, out_features=30, bias=True)
    (13): LeakyReLU(negative_slope=0.01)
    (14): Linear(in_features=30, out_features=5, bias=True)
    (15): LeakyReLU(negative_slope=0.01)
    (16): Linear(in_features=5, out_features=1, bias=True)
    (17): Sigmoid()
  )
)
================OPTIMIZER================
Adam (
Parameter Group 0
    amsgrad: False
    betas: (0.9, 0.999)
    capturable: False
    decoupled_weight_decay: False
    differentiable: False
    eps: 1e-08
    foreach: None
    fused: None
    lr: 1e-05
    maximize: False
    weight_decay: 0
)
================LOSS FUNC================
BCELoss()
================LOSSES================
[1, 0.7146429127635712, 2, 0.670637279830665, 3, 0.7025490309274122, 4, 0.638691523589916, 5, 0.7819480097243463, 6, 0.6439841420021383, 7, 0.694411734319517, 8, 0.6996676316954761, 9, 0.7064295516413394, 10, 0.6753259999410527, 11, 0.7166470143544413, 12, 0.6950224602091406, 13, 0.6968632271170254, 14, 0.8439537540916978, 15, 0.6910642284446561, 16, 0.6947364469279453, 17, 0.6851543926912723, 18, 0.7333041663205561, 19, 0.6997325624316367, 20, 0.6753728978162156, 21, 0.7457832468877545, 22, 0.6443524243713473, 23, 0.7035337282269788, 24, 0.6250476215323897, 25, 0.6498596656255661, 26, 0.6468322412926827, 27, 0.6889626252581655, 28, 0.6191384889526185, 29, 0.5868248851034662, 30, 0.7079688764414999, 31, 0.6615214992626578, 32, 0.6604624525162756, 33, 0.6860300637610379, 34, 0.7043081226332084, 35, 0.6894823347239296, 36, 0.6603134173267892, 37, 0.6852105087765945, 38, 0.7062352743216309, 39, 0.6175962085626847, 40, 0.6810882406496884, 41, 0.6586449889960357, 42, 0.6486833222789855, 43, 0.7468030023659245, 44, 0.6700390771556997, 45, 0.6221063199750316, 46, 0.6443697603796288, 47, 0.6604532783990531, 48, 0.6464523074493073, 49, 0.7097662953487505, 50, 0.6984652556345486, 51, 0.6771234704451856, 52, 0.7006988783483793, 53, 0.6304114826690432, 54, 0.6386139259402477, 55, 0.6580087763022872, 56, 0.696869698409938, 57, 0.6746272545059537, 58, 0.672136796369784, 59, 0.6495075379985534, 60, 0.6677681957457509, 61, 0.6998026789928654, 62, 0.6818874352271348, 63, 0.652251874147453, 64, 0.6986581216929991, 65, 0.6931885914977381, 66, 0.7182878801312341, 67, 0.6124737955321218, 68, 0.6811777713405617, 69, 0.7306518120005248, 70, 0.66942766951008, 71, 0.6702223108218466, 72, 0.6126461589655168, 73, 0.6625180274825091, 74, 0.6697431988624338, 75, 0.675484733074206, 76, 0.6845934525640136, 77, 0.7069414174832144, 78, 0.6822815536253787, 79, 0.701841135493978, 80, 0.5273133496892034, 81, 0.6739120298522624, 82, 0.6443075298483619, 83, 0.6736852083789099, 84, 0.7361724584673291, 85, 0.6713793878990717, 86, 0.6701838460839128, 87, 0.6930158958054043, 88, 0.6683848338127328, 89, 0.6616761835398245, 90, 0.6522997050100938, 91, 0.7095277230314527, 92, 0.6985368120818407, 93, 0.6883373424816054, 94, 0.6774285235979832, 95, 0.7020455195781403, 96, 0.7045054224389476, 97, 0.6540679186051667, 98, 0.6483087451074073, 99, 0.7348574775969845, 100, 0.6636091677624916, 101, 0.6397567207257223, 102, 0.7420158475210277, 103, 0.5634021250218199, 104, 0.664885336800197, 105, 0.5929679676940139, 106, 0.6723176915843087, 107, 0.656724002770681, 108, 0.6554571949103775, 109, 0.6729106136462346, 110, 0.7186144081994562, 111, 0.6835565263189078, 112, 0.7409419588969439, 113, 0.6307925725826529, 114, 0.65735916971425, 115, 0.6932660118977085, 116, 0.6356562670543515, 117, 0.6841088702932727, 118, 0.6723808572473284, 119, 0.6353691365441378, 120, 0.6992342564619893, 121, 0.6798931765077719, 122, 0.6551922913084288, 123, 0.6003613555053352, 124, 0.6934276044407099, 125, 0.6352284107417684, 126, 0.6695197858356843, 127, 0.6647389849055967, 128, 0.6601335811859521, 129, 0.6991138160196633, 130, 0.6635811213060563, 131, 0.6187948952475936, 132, 0.6549019682163658, 133, 0.6659672632456693, 134, 0.6818742300885408, 135, 0.6988528534062827, 136, 0.7615075517652119, 137, 0.7013827960973309, 138, 0.6719087571906872, 139, 0.6927885261080602, 140, 0.6162695566632155, 141, 0.6533419722019442, 142, 0.6275870714492882, 143, 0.5830586420891598, 144, 0.6711631333010449, 145, 0.7436779582645637, 146, 0.6011869283764569, 147, 0.6931691105588672, 148, 0.6755146944254605, 149, 0.6864173568867129, 150, 0.6789998422142477, 151, 0.6671799009262506, 152, 0.6611426153850946, 153, 0.6609881991423926, 154, 0.6667228257547474, 155, 0.6821140286932693, 156, 0.6182008047491525, 157, 0.6503089805959645, 158, 0.6452068442900274, 159, 0.6495809401364202, 160, 0.7063084153165451, 161, 0.7170260612572229, 162, 0.7115680542823617, 163, 0.6709065294717272, 164, 0.6469844661858324, 165, 0.6508333957133009, 166, 0.6790981288012355, 167, 0.6702210186716725, 168, 0.6902344431047728, 169, 0.6708791022012086, 170, 0.6596267989140921, 171, 0.7054539317907204, 172, 0.6849328089515885, 173, 0.6654745843949873, 174, 0.6821839100772815, 175, 0.6939658246664622, 176, 0.6277094878588708, 177, 0.7023764203775874, 178, 0.7073751974794166, 179, 0.6844022219236817, 180, 0.6727508430490481, 181, 0.5801675565865734, 182, 0.6696883919211591, 183, 0.650490937312624, 184, 0.7553872695890254, 185, 0.6336824388195779, 186, 0.6805592407581325, 187, 0.6285996965068212, 188, 0.6326121290004932, 189, 0.698707380986239, 190, 0.5838114616336674, 191, 0.641925882079083, 192, 0.7161248838060668, 193, 0.6554749036972874, 194, 0.616644577801066, 195, 0.6735698383599024, 196, 0.6058855104055348, 197, 0.5863722187254204, 198, 0.688653553190825, 199, 0.6639703318679636, 200, 0.6417225328118826, 201, 0.6581662720971885, 202, 0.6145761541451072, 203, 0.6588387690114234, 204, 0.6852064577151297, 205, 0.6206627551930918, 206, 0.5667192098878613, 207, 0.6599996881847304, 208, 0.6946040952200833, 209, 0.6234517916699022, 210, 0.6339676073329955, 211, 0.7736693375039986, 212, 0.7160698184826662, 213, 0.6415721265306477, 214, 0.6930271760338053, 215, 0.6862909455925457, 216, 0.695272804658062, 217, 0.7159127775528825, 218, 0.6796377069117033, 219, 0.6661294573034074, 220, 0.6794638392115088, 221, 0.6300556081679887, 222, 0.6438550500222784, 223, 0.6690744954575719, 224, 0.6621569592057, 225, 0.7369868960432923, 226, 0.595927948737875, 227, 0.7222670536965857, 228, 0.6774911560692547, 229, 0.6061303543017301, 230, 0.7267238254076959, 231, 0.7378551851125154, 232, 0.7935454092700726, 233, 0.6486076475646477, 234, 0.685116893462267, 235, 0.6649874474722814, 236, 0.6228686387854443, 237, 0.5778638051579094, 238, 0.7153634538367751, 239, 0.7128939198954992, 240, 0.6928974504077066, 241, 0.6641159662496919, 242, 0.6939984666252162, 243, 0.6946250445055033, 244, 0.6668743640046202, 245, 0.6469969471951671, 246, 0.5439945817714268, 247, 0.653901350252409, 248, 0.6749308793197032, 249, 0.6932724650784049, 250, 0.6649830228852097, 251, 0.6746777860201195, 252, 0.6931236218135927, 253, 0.6886208883234081, 254, 0.6602491380255834, 255, 0.8624038095486382, 256, 0.6373815207876575, 257, 0.6585037935305834, 258, 0.6734148874385959, 259, 0.7101906223316085, 260, 0.6612435184282207, 261, 0.643015248841802, 262, 0.6825333345712006, 263, 0.5975834522935898, 264, 0.6906244651660933, 265, 0.6891085247067892, 266, 0.6603835523401176, 267, 0.5960331358475028, 268, 0.6687274028253455, 269, 0.7294525783504061, 270, 0.5573614323039632, 271, 0.6926511926858833, 272, 0.670870659437958, 273, 0.6859751517738188, 274, 0.591159274630486, 275, 0.6929538298487894, 276, 0.5928644837600142, 277, 0.6926757146366082, 278, 0.6952745324127553, 279, 0.6752781973881639, 280, 0.6779655549510709, 281, 0.631939228950598, 282, 0.6633947188414137, 283, 0.7962276850057564, 284, 0.6635470202945527, 285, 0.6695486231958375, 286, 0.6931783068819464, 287, 0.6455325150446952, 288, 0.6239882986087387, 289, 0.6682396242254037, 290, 0.6636420767324872, 291, 0.6408496636703361, 292, 0.6854022749002373, 293, 0.6718995213958139, 294, 0.8231347088318621, 295, 0.657752861104146, 296, 0.6913295338559383, 297, 0.6877315391053883, 298, 0.694692717156649, 299, 0.7900605034810723, 300, 0.6932315442091525, 301, 0.6394461970553877, 302, 0.6847221277942808, 303, 0.6900304998066195, 304, 0.595262853616282, 305, 0.6816729743692002, 306, 0.685993574383175, 307, 0.6872687309451917, 308, 0.5984593069897276, 309, 0.6409107707443786, 310, 0.6071966515653167, 311, 0.641268592478769, 312, 0.5151280328626325, 313, 0.6709852206934606, 314, 0.6673780802295983, 315, 0.6868935789622146, 316, 0.6908361953946138, 317, 0.6873151585615125, 318, 0.683042929223302, 319, 0.658476485945992, 320, 0.6879346308611469, 321, 0.5689919650098315, 322, 0.6820733862814575, 323, 0.6647565352987178, 324, 0.6885559837060816, 325, 0.6710175393191662, 326, 0.6279084187511725, 327, 0.6860697926762891, 328, 0.6518641153964052, 329, 0.6862712912111688, 330, 0.6940154613199131, 331, 0.6601177857851874, 332, 0.6884101605377889, 333, 0.6884050740761648, 334, 0.6793195690981944, 335, 0.7163497610277738, 336, 0.6502016392064431, 337, 0.6848783279316116, 338, 0.6452428442652234, 339, 0.7112200160701592, 340, 0.6199062468373283, 341, 0.6889077160260461, 342, 0.7017918945119421, 343, 0.6204904585914551, 344, 0.6535762254732016, 345, 0.6861770412180911, 346, 0.6864126333714206, 347, 0.676726107458943, 348, 0.6456543110920585, 349, 0.6748260335816387, 350, 0.691076641572441, 351, 0.6784276542564331, 352, 0.6508743997560794, 353, 0.6879316562402357, 354, 0.6610133841693818, 355, 0.6791527253584965, 356, 0.658877128980891, 357, 0.6905750586096499, 358, 0.6874431340454528, 359, 0.6871196555043878, 360, 0.6838797096321998, 361, 0.6574724065318537, 362, 0.635008507671076, 363, 0.6930578242007999, 364, 0.8523650511316483, 365, 0.6821835326078073, 366, 0.6565983331214886, 367, 0.656811975397473, 368, 0.6650725698561984, 369, 0.6838987906340581, 370, 0.6867210898419565, 371, 0.694504980912454, 372, 0.6752394583029255, 373, 0.6785974682779863, 374, 0.7241304100716947, 375, 0.685365808140313, 376, 0.6787795255192483, 377, 0.6825915512844649, 378, 0.6652618015459943, 379, 0.6340033363396026, 380, 0.6686411676352417, 381, 0.606665475613352, 382, 0.7269259667970975, 383, 0.6989550567998151, 384, 0.685578085384769, 385, 0.6540715892435078, 386, 0.6855223988632856, 387, 0.6485033318792233, 388, 0.6508296593703783, 389, 0.6528494282457473, 390, 0.6857788612785591, 391, 0.6567415095780926, 392, 0.690892592491144, 393, 0.664087988242335, 394, 0.6766941739595385, 395, 0.6808663590371187, 396, 0.6427710759297818, 397, 0.6665533719142878, 398, 0.6508146355831772, 399, 0.6845327019522017, 400, 0.5473631423075122, 401, 0.6630724219996534, 402, 0.6855974456796159, 403, 0.7093967862753907, 404, 0.6307665420318386, 405, 0.6780951190117596, 406, 0.7014931494189607, 407, 0.6660454967749225, 408, 0.6983711226068632, 409, 0.666116758980632, 410, 0.6642486670161739, 411, 0.6853451990769933, 412, 0.6718562562831625, 413, 0.7043407089551322, 414, 0.644181712450992, 415, 0.6850097959678758, 416, 0.6472108032757563, 417, 0.6840849461371608, 418, 0.6920755903429601, 419, 0.6630416168334333, 420, 0.6911261258873229, 421, 0.6648143853859256, 422, 0.6515954991256776, 423, 0.670614265625454, 424, 0.6831885557038533, 425, 0.6498909166961011, 426, 0.6075051312746328, 427, 0.6452660064370783, 428, 0.6834701787963425, 429, 0.7174162725792805, 430, 0.6793822631407637, 431, 0.6709381997121401, 432, 0.6840177560952926, 433, 0.6611625690979223, 434, 0.6973727418496604, 435, 0.6751143912792116, 436, 0.6573592631721122, 437, 0.6608325386348218, 438, 0.6661374062414621, 439, 0.646278152970234, 440, 0.6766996998183141, 441, 0.6835230267786915, 442, 0.6567217983164284, 443, 0.6827665254285292, 444, 0.6135269533653068, 445, 0.6604632663390927, 446, 0.6480403405726015, 447, 0.6596910855531796, 448, 0.6825261272023471, 449, 0.699884636533661, 450, 0.6597057756256391, 451, 0.6918484092875844, 452, 0.6772360561337362, 453, 0.6564840931214052, 454, 0.7220739814196473, 455, 0.6547748459413453, 456, 0.6539001185474904, 457, 0.6194754166924097, 458, 0.6209083012803535, 459, 0.6636846331232577, 460, 0.6601335591182916, 461, 0.6716558529538079, 462, 0.6367482215596248, 463, 0.6473724735194941, 464, 0.6757013406825793, 465, 0.6684475570622815, 466, 0.6832128846514463, 467, 0.5708672938817545, 468, 0.6777749605094763, 469, 0.6806119331142442, 470, 0.7024291754031786, 471, 0.7046277794708424, 472, 0.6657064304507601, 473, 0.6411815672890083, 474, 0.6834473932881032, 475, 0.662207082657814, 476, 0.6502281724791313, 477, 0.6127044655206749, 478, 0.6918311425976496, 479, 0.6658099948202377, 480, 0.6207003575875649, 481, 0.6771223920820317, 482, 0.6834899085216288, 483, 0.7256195101817319, 484, 0.6582655901139947, 485, 0.6313690083883008, 486, 0.6605734581063862, 487, 0.6587113931919932, 488, 0.6719128402736042, 489, 0.6218656807075754, 490, 0.6572358128936829, 491, 0.6319219874593106, 492, 0.6141395352342746, 493, 0.6654560151133145, 494, 0.6950158725938489, 495, 0.6280704667698792, 496, 0.6944462569802962, 497, 0.671583852486639, 498, 0.7005168449914367, 499, 0.6730085859609075, 500, 0.6082255123978607, 501, 0.65920171211709, 502, 0.6601633674132861, 503, 0.6955403148402145, 504, 0.7083430442619968, 505, 0.6834123819296413, 506, 0.693346277235647, 507, 0.7108524811766751, 508, 0.6837390967046854, 509, 0.6783154259734592, 510, 0.6954633997609095, 511, 0.6972944458432478, 512, 0.6142367023309031, 513, 0.6806995428704422, 514, 0.7038761559249055, 515, 0.6236326810698674, 516, 0.6412647231274105, 517, 0.615929038142418, 518, 0.6574870121609669, 519, 0.6623309158375823, 520, 0.7542688002867979, 521, 0.6725425849588478, 522, 0.7079472988967898, 523, 0.6944800275223583, 524, 0.6945500612290286, 525, 0.6398496530908105, 526, 0.6616035066462577, 527, 0.7076847075200688, 528, 0.6842648527783912, 529, 0.7077061057258897, 530, 0.6329304259205973, 531, 0.6277351169331211, 532, 0.650412747200766, 533, 0.7074783653750895, 534, 0.6841101394305189, 535, 0.6485972653532215, 536, 0.6591434355940677, 537, 0.6847245633749031, 538, 0.6567074616134517, 539, 0.6302848335671617, 540, 0.6839989227837566, 541, 0.6573236737335677, 542, 0.6687729831460757, 543, 0.6603679388051191, 544, 0.6721314031542936, 545, 0.7636654843425699, 546, 0.6705102389113703, 547, 0.6927730359342217, 548, 0.649173659267733, 549, 0.6586896962141893, 550, 0.6831453233658836, 551, 0.6435058476704287, 552, 0.7145743913623257, 553, 0.6412166179567417, 554, 0.6379595457205653, 555, 0.6350952439407126, 556, 0.6693774651913601, 557, 0.6925787632036224, 558, 0.6544567933033782, 559, 0.6989529365595745, 560, 0.6686320726699754, 561, 0.6522655226470923, 562, 0.6836694422564439, 563, 0.6542354660114383, 564, 0.7018688828502067, 565, 0.6784241767845786, 566, 0.6532760153019341, 567, 0.675220508223782, 568, 0.6000063152452505, 569, 0.6746188705780988, 570, 0.693490291664279, 571, 0.7055913269675774, 572, 0.6601446711069084, 573, 0.6853204641002275, 574, 0.6616774017959486, 575, 0.6832488492788725, 576, 0.6946094747802455, 577, 0.7125845453978753, 578, 0.6953141217455496, 579, 0.6787010673911088, 580, 0.6708296840288241, 581, 0.6580955584041287, 582, 0.6941398462816463, 583, 0.6243832763076232, 584, 0.6588104513647901, 585, 0.6552480372170512, 586, 0.6686525543225066, 587, 0.6556496155036551, 588, 0.6748691606291762, 589, 0.6714762477156871, 590, 0.6364732194788344, 591, 0.6463358294388188, 592, 0.6346001674991848, 593, 0.6716007069447791, 594, 0.680015818134513, 595, 0.6938427086731482, 596, 0.6713460061785333, 597, 0.6808727044647697, 598, 0.720893184731829, 599, 0.6555616572899416, 600, 0.6827246460179024, 601, 0.6615643226372777, 602, 0.708296029167233, 603, 0.6307472147832135, 604, 0.6294453373356291, 605, 0.5996942987662467, 606, 0.7594398448157964, 607, 0.6270551619303952, 608, 0.681995387108045, 609, 0.6535289898181842, 610, 0.6744228597930072, 611, 0.5988679505586073, 612, 0.6817482820851682, 613, 0.7045652406376072, 614, 0.6568696212506885, 615, 0.7380327421427868, 616, 0.7130543832359887, 617, 0.6851823272534948, 618, 0.6591072342734208, 619, 0.6592133987697498, 620, 0.6459748498093876, 621, 0.7074038699164298, 622, 0.660038802887173, 623, 0.7023429909336599, 624, 0.6589941982197922, 625, 0.6382265202745792, 626, 0.7390415251368788, 627, 0.7124988424949567, 628, 0.6591569886942917, 629, 0.6618763361847335, 630, 0.6853672019555906, 631, 0.6125227691346814, 632, 0.679044820691644, 633, 0.6413411797404369, 634, 0.6451441961314441, 635, 0.6992336354491309, 636, 0.636228576723917, 637, 0.6894566787818656, 638, 0.6406450097596479, 639, 0.6952241975658277, 640, 0.7069098921463187, 641, 0.6879281901427287, 642, 0.6855284393451645, 643, 0.6810009184783307, 644, 0.7348583718717246, 645, 0.6703884081781515, 646, 0.668346477633042, 647, 0.6878694297647591, 648, 0.6210224334455889, 649, 0.636522211680488, 650, 0.6577149671715887, 651, 0.6829509261322418, 652, 0.6708515646594382, 653, 0.6558391255012341, 654, 0.6967189151493703, 655, 0.6938542135235612, 656, 0.6878995564827726, 657, 0.7083846207639696, 658, 0.6391154233677397, 659, 0.687319497889933, 660, 0.6394445173144434, 661, 0.6611699774452713, 662, 0.6836617634488141, 663, 0.6841098108258813, 664, 0.6718229050855221, 665, 0.661098177475575, 666, 0.6866772216758272, 667, 0.692969654721512, 668, 0.6456969455784569, 669, 0.6689843050969462, 670, 0.6717309747343589, 671, 0.632387333369958, 672, 0.6583766565304371, 673, 0.6966577719583681, 674, 0.5855091092755526, 675, 0.6320018063535673, 676, 0.6792023295261429, 677, 0.7375576399747928, 678, 0.7246136356538966, 679, 0.6908091712981462, 680, 0.6657437211031566, 681, 0.637607546401435, 682, 0.618411833024171, 683, 0.7034953228085306, 684, 0.6054921601201009, 685, 0.6297747497109081, 686, 0.7019689506458983, 687, 0.656327469892625, 688, 0.6830958499756733, 689, 0.6963601504862154, 690, 0.644596564519122, 691, 0.684546421990019, 692, 0.6543974870347021, 693, 0.6961841865193866, 694, 0.6555646674805108, 695, 0.6099668299115923, 696, 0.6301617185502953, 697, 0.6509092685251959, 698, 0.6260806064792536, 699, 0.6032012645293106, 700, 0.661371412429544, 701, 0.6418201780817021, 702, 0.8620791664534144, 703, 0.7016049494579494, 704, 0.6068131719454416, 705, 0.6724483267214755, 706, 0.636887452940262, 707, 0.6817043383295458, 708, 0.7147922109564585, 709, 0.6602897881616308, 710, 0.6380851685042326, 711, 0.6246132459535539, 712, 0.6360151560591832, 713, 0.6941154852610193, 714, 0.6895363982447741, 715, 0.6845368899948326, 716, 0.6705578973064992, 717, 0.6390552477507583, 718, 0.630761416649483, 719, 0.6829315205462974, 720, 0.677433398909527, 721, 0.6602599303330673, 722, 0.6444255850087491, 723, 0.6834324523028291, 724, 0.6611523365450612, 725, 0.7342783843326764, 726, 0.65115305090395, 727, 0.7369027649777039, 728, 0.6110387972691138, 729, 0.6390746353036487, 730, 0.6709385677342559, 731, 0.7109769892034346, 732, 0.6550353255988683, 733, 0.6316305594786142, 734, 0.6810136030981311, 735, 0.6809539997593514, 736, 0.6296536561862093, 737, 0.6430584117056019, 738, 0.6702267666210985, 739, 0.6807048206578897, 740, 0.6806554491884529, 741, 0.6687471289252969, 742, 0.6729726477528762, 743, 0.6459670621106214, 744, 0.6536662971494777, 745, 0.72083111894452, 746, 0.6788046095006882, 747, 0.6691994063663845, 748, 0.653982610814196, 749, 0.8329541211603756, 750, 0.6388255526164598, 751, 0.7338209441956605, 752, 0.6788669014189009, 753, 0.6871178937467306, 754, 0.6954040598115584, 755, 0.6649376505033912, 756, 0.6779839589060825, 757, 0.609755179126695, 758, 0.6331479435901802, 759, 0.7029979735611813, 760, 0.6549852991396518, 761, 0.7286692167274642, 762, 0.6231635427146351, 763, 0.6843294535035879, 764, 0.6689585654420739, 765, 0.6437234975649876, 766, 0.6964970069946337, 767, 0.6798205046763438, 768, 0.6560057363609315, 769, 0.6509207936278578, 770, 0.6529573587509929, 771, 0.620295023349853, 772, 0.7005379408798398, 773, 0.6987157583722092, 774, 0.5959349119977913, 775, 0.6775864398766431, 776, 0.662865702885456, 777, 0.7199960701066045, 778, 0.6299540405100704, 779, 0.688491645826717, 780, 0.7139894581911833, 781, 0.6829209549865706, 782, 0.7061971020820228, 783, 0.6518036522020308, 784, 0.684557703857491, 785, 0.6825624652819421, 786, 0.6641909418404288, 787, 0.7272584063153843, 788, 0.7447333974659098, 789, 0.647870532137486, 790, 0.6996895269479915, 791, 0.6762638162730445, 792, 0.6452853956435647, 793, 0.6321974612382647, 794, 0.6652545956644933, 795, 0.7219578399561389, 796, 0.6559618467848413, 797, 0.6344211378970473, 798, 0.6729599707318626, 799, 0.6602292369778425, 800, 0.6794462971223958, 801, 0.6571921721583251, 802, 0.6423060660885214, 803, 0.6569049431402213, 804, 0.6535558929346567, 805, 0.6943693176984091, 806, 0.6793059787522523, 807, 0.7335082923335524, 808, 0.5710511436564776, 809, 0.6478508279768481, 810, 0.6492891030857396, 811, 0.6726136349318134, 812, 0.66564530586804, 813, 0.6284443074997784, 814, 0.7153299000512185, 815, 0.673171126379151, 816, 0.7716584527791083, 817, 0.7271054431633652, 818, 0.6807083500388972, 819, 0.6072897486790527, 820, 0.6933538872682569, 821, 0.608100046562788, 822, 0.6991646893769757, 823, 0.6882323325313942, 824, 0.6809151807471134, 825, 0.6826467929253665, 826, 0.7221907956283011, 827, 0.6773691448836369, 828, 0.6371574951665522, 829, 0.6656093840760055, 830, 0.5955528284665085, 831, 0.6527614364991327, 832, 0.6727141270358447, 833, 0.6470366026662031, 834, 0.6303029091584551, 835, 0.7003216115741376, 836, 0.5846220706228907, 837, 0.7021490683542452, 838, 0.6892841163558496, 839, 0.6090067026982781, 840, 0.6403800868741467, 841, 0.6619542638954753, 842, 0.6337322541173582, 843, 0.7082402844792598, 844, 0.6506938704236518, 845, 0.6898430885352046, 846, 0.6576090424036919, 847, 0.6769079832228075, 848, 0.703173693710547, 849, 0.6937893244069196, 850, 0.6659628321244381, 851, 0.6665922207339013, 852, 0.6563749651026306, 853, 0.6733782496664027, 854, 0.6608287089944547, 855, 0.6150839610081876, 856, 0.6834348553563927, 857, 0.7185996408767785, 858, 0.6939218511463491, 859, 0.6390748236885879, 860, 0.6723635142462565, 861, 0.6382585020847288, 862, 0.6889020521482329, 863, 0.6897116699037845, 864, 0.6223918455975233, 865, 0.6150224391708614, 866, 0.64676422605799, 867, 0.6427619656384487, 868, 0.5723326499071046, 869, 0.6675053654344971, 870, 0.631901600463689, 871, 0.672618242066406, 872, 0.5763086382788744, 873, 0.6769772747511162, 874, 0.6865766256530144, 875, 0.6932050245667115, 876, 0.5962319137895028, 877, 0.6777825817325536, 878, 0.705194976365533, 879, 0.6622947916353235, 880, 0.7115589698775985, 881, 0.6168444431974952, 882, 0.6005117600446447, 883, 0.6543570201870076, 884, 0.6728364444730021, 885, 0.6417551440803859, 886, 0.6628183863651713, 887, 0.7045863683344623, 888, 0.6766582567875514, 889, 0.668438351626036, 890, 0.6267226698788216, 891, 0.6330339656650622, 892, 0.696623836861676, 893, 0.615792047873826, 894, 0.6957944388721761, 895, 0.6811904603410641, 896, 0.7005379908282319, 897, 0.6240404760930133, 898, 0.6205048003419066, 899, 0.667770592002856, 900, 0.7567394678892891, 901, 0.6417596413941093, 902, 0.6464891249547944, 903, 0.6940921652836599, 904, 0.7053833022047625, 905, 0.662264434735851, 906, 0.6375294234268356, 907, 0.6721535988042313, 908, 0.6945040979280827, 909, 0.6903186447701002, 910, 0.598392325438979, 911, 0.6226469535864539, 912, 0.6522127591741345, 913, 0.6733754081660333, 914, 0.6006161926578442, 915, 0.6649212444360716, 916, 0.6826464861255187, 917, 0.6470689023051169, 918, 0.6658707554047841, 919, 0.6720436225409383, 920, 0.6264438059813495, 921, 0.6949294712635009, 922, 0.6679210405613538, 923, 0.685073666565192, 924, 0.5979694431753795, 925, 0.6297364249948842, 926, 0.5941481078274842, 927, 0.6652088224185708, 928, 0.6543074464918368, 929, 0.6246156032157024, 930, 0.6058987011768866, 931, 0.6412672597051842, 932, 0.6500006053440678, 933, 0.6838601478841985, 934, 0.6088459633637636, 935, 0.6632017574894331, 936, 0.688339921208365, 937, 0.6528784410242399, 938, 0.6734320324475219, 939, 0.6941815786909726, 940, 0.689329784274276, 941, 0.6718598573687643, 942, 0.6169175817595628, 943, 0.6662854410829467, 944, 0.6114088388308261, 945, 0.6900266493719376, 946, 0.6587101281429049, 947, 0.6190218068109267, 948, 0.6383517616725548, 949, 0.6009931749888551, 950, 0.6518092701978084, 951, 0.6433411140960227, 952, 0.6790446356658506, 953, 0.7135989361970821, 954, 0.6324341676055191, 955, 0.6532280407252948, 956, 0.6215186077661177, 957, 0.6265420114340594, 958, 0.5898103825361081, 959, 0.675392544029682, 960, 0.6804473789631326, 961, 0.6867535159496078, 962, 0.6581444967701184, 963, 0.6744578798595325, 964, 0.6726848671626853, 965, 0.7761635250434831, 966, 0.6239813405786855, 967, 0.6410089115831806, 968, 0.6749535001631227, 969, 0.6385518341489568, 970, 0.6391956976783914, 971, 0.6023098365902747, 972, 0.6232682050413406, 973, 0.7846495541644843, 974, 0.674955043510661, 975, 0.6560731773276072, 976, 0.6190606591259641, 977, 0.6457604856164978, 978, 0.6676442648419275, 979, 0.6279070794731638, 980, 0.5883344361592074, 981, 0.5700569982881112, 982, 0.6406070290277389, 983, 0.6980130902807311, 984, 0.6145304839904456, 985, 0.5964976272365768, 986, 0.704111722618147, 987, 0.6488902559608649, 988, 0.6239384231076209, 989, 0.6721078152150148, 990, 0.6365716614745974, 991, 0.6682901459751974, 992, 0.5370298788523257, 993, 0.6231518876322021, 994, 0.6178822471343274, 995, 0.6376790926660735, 996, 0.6427706630159562, 997, 0.6568618655674137, 998, 0.6476289043437394, 999, 0.608994295808689, 1000, 0.7279758460556418]