COMMENT:
test_perf_19
=================MODEL=================
NeuralNetwork(
  (neural_stack): Sequential(
    (0): Linear(in_features=8575, out_features=4096, bias=True)
    (1): LeakyReLU(negative_slope=0.01)
    (2): Linear(in_features=4096, out_features=2048, bias=True)
    (3): LeakyReLU(negative_slope=0.01)
    (4): Linear(in_features=2048, out_features=1024, bias=True)
    (5): LeakyReLU(negative_slope=0.01)
    (6): Linear(in_features=1024, out_features=512, bias=True)
    (7): LeakyReLU(negative_slope=0.01)
    (8): Linear(in_features=512, out_features=256, bias=True)
    (9): LeakyReLU(negative_slope=0.01)
    (10): Linear(in_features=256, out_features=128, bias=True)
    (11): LeakyReLU(negative_slope=0.01)
    (12): Linear(in_features=128, out_features=50, bias=True)
    (13): LeakyReLU(negative_slope=0.01)
    (14): Linear(in_features=50, out_features=30, bias=True)
    (15): LeakyReLU(negative_slope=0.01)
    (16): Linear(in_features=30, out_features=5, bias=True)
    (17): LeakyReLU(negative_slope=0.01)
    (18): Linear(in_features=5, out_features=1, bias=True)
    (19): Sigmoid()
  )
)
================OPTIMIZER================
Adam (
Parameter Group 0
    amsgrad: False
    betas: (0.9, 0.999)
    capturable: False
    decoupled_weight_decay: False
    differentiable: False
    eps: 1e-08
    foreach: None
    fused: None
    lr: 1e-05
    maximize: False
    weight_decay: 0
)
================LOSS FUNC================
BCELoss()
=================TIMES=================
[0.34431012499953795, 0.2941705640005239, 0.29634010399968247, 0.29475020300014876, 0.29944672100100433, 0.29399930799991125, 0.294165430999783, 0.2938585089996195, 0.2937783870002022, 0.2946531719990162, 0.2944827399987844, 0.2940258169983281, 0.29438381899853994, 0.2955097209996893, 0.29421602799993707, 0.2941276599995035, 0.2955633149995265, 0.29348084399862273, 0.29423343800044677, 0.29457577200082596, 0.29454512799929944, 0.29547210700002324, 0.2945464679996803, 0.29340337600115163, 0.3037465269990207, 0.29467299099997035, 0.2953878579992306, 0.29412711999975727, 0.2962811959987448, 0.29434122100064997, 0.2951619239993306, 0.29433252200033166, 0.2961682210006984, 0.29413508099969476, 0.2933633249995182, 0.2942777300013404, 0.29564482199930353, 0.293894865000766, 0.29646654300086084, 0.29555978099961067, 0.2959197039999708, 0.2942711449977651, 0.2951063520013122, 0.2950218690020847, 0.2954500849991746, 0.2936720850011625, 0.2950191290001385, 0.2937672810003278, 0.2956453970000439, 0.2933696330001112, 0.2948331199986569, 0.29470065199711826, 0.29668798000056995, 0.29600971699983347, 0.2983818440006871, 0.2929004889992939, 0.2926544850015489, 0.2919541470000695, 0.29402133300027344, 0.29368492099820287, 0.2926399450007011, 0.2921732169997995, 0.29329560000041965, 0.2920738859975245, 0.29175390700038406, 0.29262099799962016, 0.2924962399993092, 0.29931298199880985, 0.2948628379999718, 0.29793563400016865, 0.3050743890016747, 0.292559698002151, 0.29255949200160103, 0.2925475029987865, 0.29269192399806343, 0.2935368660000677, 0.2924215879975236, 0.2936936269979924, 0.2944717899990792, 0.29153048700027284, 0.29476866299955873, 0.2924185900010343, 0.29348924300211365, 0.29209648899995955, 0.29278576300202985, 0.2926593199990748, 0.29336701899956097, 0.3099361159984255, 0.29462047300330596, 0.2942465419982909, 0.2953182179990108, 0.2945624599997245, 0.30215374199906364, 0.2944424759989488, 0.2952497080004832, 0.29436515899942606, 0.29461691699907533, 0.2952861119993031, 0.29545495999991545, 0.2937335609967704, 0.2944516220013611, 0.2950237279983412, 0.2946508630011522, 0.29447602400250616, 0.3002562340006989, 0.29440363900357625, 0.2958004720021563, 0.2921234179993917, 0.2930002510001941, 0.29269541899702745, 0.2935236979974434, 0.29325060900009703, 0.29311136300020735, 0.29231056299977354, 0.2925089729978936, 0.29260467600033735, 0.2925923059992783, 0.2924575319993892, 0.2933926910009177, 0.29326154200316523, 0.2926131219974195, 0.2930902859989146, 0.29350295399854076, 0.29202542200073367, 0.2937684989992704, 0.29372646100091515, 0.2931141410008422, 0.2911930560003384, 0.29281488000196987, 0.29365954399690963, 0.29388493000078597, 0.2926508160016965, 0.29363984299925505, 0.2920805889989424, 0.2924112590008008, 0.2919169710003189, 0.29365481800050475, 0.29225761700217845, 0.2926778490000288, 0.2927393050013052, 0.2934620570013067, 0.2928713549990789, 0.2930357469995215, 0.2931684939976549, 0.29288791500221123, 0.2932826489995932, 0.2937133490013366, 0.29301534600017476, 0.29322092100119335, 0.29230437399746734, 0.29394889600007446, 0.29339016399899265, 0.2934059260005597, 0.29215795500203967, 0.29272470800060546, 0.2917442689977179, 0.2934025489994383, 0.29351015300198924, 0.29354657500152825, 0.29206155800056877, 0.2927760370002943, 0.2922845029970631, 0.2931965540010424, 0.29243583800052875, 0.2926855939986126, 0.2922629490021791, 0.29282430799867143, 0.29237933400145266, 0.2924172290004208, 0.29360828700009733, 0.29275426900130697, 0.2918906170016271, 0.291817257002549, 0.29305125400060206, 0.2924624280021817, 0.2948751820003963, 0.3061747159990773, 0.2945128540013684, 0.2956305160005286, 0.318958276999183, 0.29766144499808433, 0.2952784699991753, 0.2942528079984186, 0.29558623299817555, 0.29514546700011124, 0.29505832900031237, 0.2958465990013792, 0.2948014060020796, 0.29564462000053027, 0.2938375459998497, 0.2977572429990687, 0.29390059700017446, 0.2949707629995828, 0.29654383700108156, 0.29515641599937226, 0.2933352539985208, 0.2952324329999101, 0.29384716200002003, 0.29539147800096544, 0.2951520509996044, 0.2952410300022166, 0.2939606690015353, 0.29501706500013825, 0.2942156110002543, 0.2960046730004251, 0.29447366499880445, 0.29467209100039327, 0.2944353169987153, 0.29584062100184383, 0.2938824749980995, 0.29583368900057394, 0.29471787299917196, 0.29589414300062344, 0.29481050199683523, 0.29592626199882943, 0.29354844500267063, 0.29442353500053287, 0.2964514120030799, 0.2963684669994109, 0.2948367839999264, 0.29519512300248607, 0.294493893001345, 0.29726480200042715, 0.2949888830007694, 0.2958114459979697, 0.29409170399958384, 0.29633815600027447, 0.294726965999871, 0.29522860900033265, 0.2942380160020548, 0.29491541300012614, 0.2938878989989462, 0.29457589800222195, 0.29450452699893503, 0.29560577199663385, 0.29964291700161994, 0.30884199800129863, 0.29214854200108675, 0.2928373879985884, 0.2924537140024768, 0.2919181299985212, 0.29146626299916534, 0.2925555859983433, 0.29185661900191917, 0.2925295639979595, 0.292652290998376, 0.29348429400124587, 0.29145410700220964, 0.2931420839995553, 0.2925077309992048, 0.2937556469987612, 0.2928183779986284, 0.2941225430004124, 0.29283461900195107, 0.2933144970011199, 0.2927480500002275, 0.29301921899968875, 0.2935059529991122, 0.2930955840020033, 0.29164139199929195, 0.29159385199818644, 0.2919107449997682, 0.29320022700267145, 0.29283030400256393, 0.29225258900260087, 0.2925095329992473, 0.2928316409997933, 0.29216709199681645, 0.2920462719994248, 0.29148363299827906, 0.2923254570014251, 0.29291071399711655, 0.2920237319995067, 0.2922108320017287, 0.29267074200106435, 0.2928683690006437, 0.2929861049997271, 0.2923865240009036, 0.29213154099852545, 0.2925542100019811, 0.29397271199923125, 0.29212458999973023, 0.2927642989998276, 0.2917905489994155, 0.2929496239994478, 0.29312678199858055, 0.2922783829999389, 0.2918548070010729, 0.2929192299998249, 0.2922657060007623, 0.2925780510013283, 0.2923478669981705, 0.2945953400012513, 0.2913681570025801, 0.2930616760022531, 0.29304325900011463, 0.29256581099980394, 0.2934327350012609, 0.292825118998735, 0.29231321300176205, 0.29246614200019394, 0.29107132599892793, 0.2926128939980117, 0.29323905799901695, 0.2927576880028937, 0.292515318000369, 0.2932583239999076, 0.2924008829977538, 0.2927096259991231, 0.2930342079998809, 0.29399561900208937, 0.29183496100085904, 0.2936850639998738, 0.2929489449998073, 0.29311600499931956, 0.29259879700111924, 0.29336335900006816, 0.29276562800077954, 0.29229332500108285, 0.29283566899903235, 0.29255421700145234, 0.29355492900140234, 0.29494957299903035, 0.29399795200151857, 0.2946663709990389, 0.29479816900129663, 0.2955208429993945, 0.29438023699913174, 0.2954650080027932, 0.2940901939982723, 0.3015996020003513, 0.2915570299992396, 0.2935658089991193, 0.29201974800162134, 0.2926599729980808, 0.29183336200003396, 0.29335336300209747, 0.2925898729990877, 0.29329572699862183, 0.2921086890019069, 0.2930590719988686, 0.29252063800231554, 0.2918582870006503, 0.2918135510008142, 0.29247736900288146, 0.2915214660024503, 0.29198749200077145, 0.291969820002123, 0.29227935200106003, 0.2915608209987113, 0.29311040500033414, 0.293723332000809, 0.29399545900014346, 0.2933493009986705, 0.29305830099838204, 0.2919309600001725, 0.29273484900113544, 0.29240732100151945, 0.29317698199884035, 0.2934546720025537, 0.2937220409985457, 0.29188343300120323, 0.2929427790004411, 0.2920562040017103, 0.29375019399958546, 0.29280585599917686, 0.2924543150002137, 0.2929144459994859, 0.29277021500092815, 0.29272509700240334, 0.29266946999996435, 0.29364872199948877, 0.29237742199984496, 0.2940330749988789, 0.2979595179967873, 0.295365825000772, 0.29549985700214165, 0.3614071829979366, 0.35846242399929906, 0.31730543700177805, 0.31797062199984794, 0.2950802660016052, 0.2943143880002026, 0.30577923899909365, 0.32245333699756884, 0.2979584070017154, 0.30190721200051485, 0.32940659599989885, 0.32160250000015367, 0.3346166240007733, 0.3371785560011631, 0.2969235399978061, 0.2957464639985119, 0.30496519899679697, 0.3021116880008776, 0.3102074830021593, 0.2967303500008711, 0.3078918539977167, 0.3333874719974119, 0.3009235350000381]
================LOSSES================
[1, 1.760383724083383, 2, 0.6955135746397121, 3, 0.6933500091588033, 4, 0.6913381003781967, 5, 0.6926481150695157, 6, 0.6947404771230242, 7, 0.6945302714801326, 8, 0.6920521718989598, 9, 0.6927580641531365, 10, 0.6941763088479573, 11, 0.6922375955622472, 12, 0.6934625599265377, 13, 0.6935665250193083, 14, 0.7240406462860763, 15, 0.6918857246912757, 16, 0.6910023699370075, 17, 0.6940233881468755, 18, 0.6913283391208294, 19, 0.6949269528793286, 20, 0.7012133957486981, 21, 0.6907708948496031, 22, 0.6630532420483533, 23, 0.6918976703249541, 24, 0.6934992034963859, 25, 0.6889875804718825, 26, 0.6494628248454949, 27, 0.6960233507010347, 28, 0.6924956732537259, 29, 0.6876011493895451, 30, 0.6950617044913814, 31, 0.6916464641722545, 32, 0.6937898759007237, 33, 0.6927645391262622, 34, 0.6927195131354423, 35, 0.6937869006100992, 36, 0.6929112079565464, 37, 0.6942145518446519, 38, 0.6932498718622568, 39, 0.6926786145407429, 40, 0.6930835112976027, 41, 0.6928725617476176, 42, 0.6938085168370075, 43, 0.6926454445136537, 44, 0.6935879491438491, 45, 0.6921261738735133, 46, 0.6935585180631229, 47, 0.6915016734599431, 48, 0.6942845233989371, 49, 0.6951061974312562, 50, 0.692944764709614, 51, 0.6931234445883686, 52, 0.6938749819209675, 53, 0.6922140726890836, 54, 0.6926581405649421, 55, 0.6936773060565324, 56, 0.6931605103437608, 57, 0.693109931402648, 58, 0.6953010302931983, 59, 0.6955494029479524, 60, 0.6932019029952315, 61, 0.6927358573985528, 62, 0.6907932172528307, 63, 0.6919275495618299, 64, 0.6934751420589103, 65, 0.6938524692426892, 66, 0.6932334073649398, 67, 0.693080006497469, 68, 0.6992885614999973, 69, 0.6904387990245053, 70, 0.6910684302809751, 71, 0.6938066243790258, 72, 0.6814112806890178, 73, 0.696740206478588, 74, 0.6867093051309294, 75, 0.703824428813697, 76, 0.6997658874398067, 77, 0.6920434786512698, 78, 0.6940825677511369, 79, 0.6939254402798937, 80, 0.694092376765274, 81, 0.6951837619346098, 82, 0.6942655757524459, 83, 0.6932575523578934, 84, 0.6867526373106353, 85, 0.6913290804226994, 86, 0.6916371129617025, 87, 0.697813258996675, 88, 0.691338080358634, 89, 0.7038445489629948, 90, 0.6952704006908947, 91, 0.6914521453524237, 92, 0.6912885048012632, 93, 0.6938455849734189, 94, 0.6917210793161183, 95, 0.6751001720307114, 96, 0.699056922266882, 97, 0.6918184312404229, 98, 0.6893053291404919, 99, 0.6418016066513962, 100, 0.6943398111283633, 101, 0.6984811984443688, 102, 0.6891726809527509, 103, 0.6942985194115175, 104, 0.6969130577157228, 105, 0.6920792733298099, 106, 0.6927316172866991, 107, 0.6941012554354196, 108, 0.6935604041695134, 109, 0.6941419777792601, 110, 0.7008948388843433, 111, 0.6908070572392645, 112, 0.6928107103727564, 113, 0.6942732918484379, 114, 0.6928941746717313, 115, 0.693412359539524, 116, 0.6931929930970381, 117, 0.6942801663546392, 118, 0.6945719174906678, 119, 0.6934157172813861, 120, 0.6926621578519635, 121, 0.6935932493624541, 122, 0.692825774931154, 123, 0.6901159417377986, 124, 0.6929593343117669, 125, 0.6934199446809429, 126, 0.6918545111762976, 127, 0.6934991177925784, 128, 0.6920135700163382, 129, 0.6934362851627393, 130, 0.6939544589002379, 131, 0.6925235825882119, 132, 0.6930221882948657, 133, 0.6932806229353315, 134, 0.6931587223936676, 135, 0.6930250185447548, 136, 0.6941688408754584, 137, 0.6926209464980934, 138, 0.6951853784283645, 139, 0.6991653798288889, 140, 0.691809638400656, 141, 0.694963917173667, 142, 0.6896637867061874, 143, 0.692206086474742, 144, 0.6951370163784818, 145, 0.6912401108381476, 146, 0.6949588019276509, 147, 0.6958089006521846, 148, 0.6904455513921877, 149, 0.693551141644826, 150, 0.6935126878208335, 151, 0.6910184934344836, 152, 0.6955826809218111, 153, 0.6934452179521704, 154, 0.6913378479253096, 155, 0.6935486486281038, 156, 0.6489162818717389, 157, 0.6919768411182071, 158, 0.6968026189116164, 159, 0.6928457991949595, 160, 0.6983587220674142, 161, 0.6961493205200072, 162, 0.6946586985966561, 163, 0.6916454108049963, 164, 0.6938741369238589, 165, 0.6778428188233848, 166, 0.6917368381316867, 167, 0.6934331938266759, 168, 0.6930209707773677, 169, 0.6930964143591771, 170, 0.6928589837266937, 171, 0.6933904065266334, 172, 0.6930210842674582, 173, 0.6941281596407343, 174, 0.6915330262220244, 175, 0.6934955796636291, 176, 0.6920913391484531, 177, 0.6927427733917533, 178, 0.6930934569442198, 179, 0.6921469020338655, 180, 0.6934342235683671, 181, 0.6935131189884378, 182, 0.6932345379939678, 183, 0.6929925700990862, 184, 0.6941930974021088, 185, 0.6929713140720548, 186, 0.6904818160603429, 187, 0.6917231228537118, 188, 0.6937062537570331, 189, 0.6932181741078421, 190, 0.6469401655686501, 191, 0.6927996727792655, 192, 0.6967830642644598, 193, 0.6941011648160126, 194, 0.697726449624683, 195, 0.6915677122455617, 196, 0.6924892045780449, 197, 0.6923161075479156, 198, 0.6926879025719207, 199, 0.6912301920453952, 200, 0.6424841946383935, 201, 0.6843827926874811, 202, 0.6920244526888031, 203, 0.6990427371483418, 204, 0.7042562746846562, 205, 0.7106705215943719, 206, 0.7013749330541207, 207, 0.6866572636924064, 208, 0.7044050468420024, 209, 0.647406268209502, 210, 0.6918375243101191, 211, 0.6793182393841417, 212, 0.6995292550115101, 213, 0.6928385195645194, 214, 0.6976245977610012, 215, 0.6925321496367337, 216, 0.6939197336455197, 217, 0.6934541542712724, 218, 0.6943614299378426, 219, 0.694399522042, 220, 0.6927774471168651, 221, 0.6948952329162223, 222, 0.6922745342643436, 223, 0.6933855448350983, 224, 0.6934577444486762, 225, 0.6933671091870075, 226, 0.6899193897950892, 227, 0.6948335685657167, 228, 0.6932116062716571, 229, 0.6931063803478031, 230, 0.693582656093173, 231, 0.6907855713993077, 232, 0.6907857449141417, 233, 0.6924976031350748, 234, 0.692135992981682, 235, 0.6902865546094326, 236, 0.6939512602508342, 237, 0.6925575192857605, 238, 0.696666960387652, 239, 0.6915734452456583, 240, 0.6919875064388783, 241, 0.6941011347830819, 242, 0.6970363407891078, 243, 0.6915118646055769, 244, 0.691466510473911, 245, 0.693948782092704, 246, 0.6927929439260505, 247, 0.6933952067849761, 248, 0.6927849555749989, 249, 0.6932061850147995, 250, 0.6751572223226532, 251, 0.6826069433806696, 252, 0.6961754075487264, 253, 0.6868467792504488, 254, 0.6951155742536378, 255, 0.6475898711966193, 256, 0.6918715202578383, 257, 0.6877676310730961, 258, 0.7012986128725736, 259, 0.6961721145254216, 260, 0.6939139872040656, 261, 0.692503452276806, 262, 0.6936894135283084, 263, 0.6937167416302442, 264, 0.6916150520837576, 265, 0.6924796913283918, 266, 0.6928126326351786, 267, 0.6465250835014184, 268, 0.693745678441522, 269, 0.69265506071671, 270, 0.6883757755995873, 271, 0.6920651065250427, 272, 0.6925384811588784, 273, 0.6960110762016213, 274, 0.6897030565162794, 275, 0.6918824894801688, 276, 0.6928073695113025, 277, 0.6905841753879371, 278, 0.6925132154282888, 279, 0.6993327730195176, 280, 0.6946291373018061, 281, 0.6896936847051204, 282, 0.694612257486456, 283, 0.6917000119471866, 284, 0.6972664012071967, 285, 0.6907264905815834, 286, 0.6924734697780879, 287, 0.6919305433574934, 288, 0.6940336151414735, 289, 0.692299199534998, 290, 0.6959867799939919, 291, 0.7192548003847605, 292, 0.6934660776310184, 293, 0.6879175078346974, 294, 0.6887009829164791, 295, 0.6966230607541284, 296, 0.6937273691821534, 297, 0.6932312346894096, 298, 0.6924245613471148, 299, 0.6910413238464559, 300, 0.6929419902244613, 301, 0.692276974932131, 302, 0.692931376199918, 303, 0.6466440332163776, 304, 0.6959138583097393, 305, 0.6941541370831673, 306, 0.6950640954493628, 307, 0.6929357011496331, 308, 0.6928473536561465, 309, 0.6927989965756169, 310, 0.6938983588016653, 311, 0.6924193332575203, 312, 0.6959806739653167, 313, 0.6947418196083243, 314, 0.6467971742360455, 315, 0.6932294414833909, 316, 0.6968167366430086, 317, 0.6921384201312577, 318, 0.6935481121130953, 319, 0.6931596330617552, 320, 0.693114364880652, 321, 0.6925719353247524, 322, 0.6949470014275321, 323, 0.6928246393877142, 324, 0.6947241136770251, 325, 0.690643513821876, 326, 0.6932547215574566, 327, 0.6937612099499277, 328, 0.6915174610076313, 329, 0.6910364978765933, 330, 0.6941407629127909, 331, 0.6930315132414022, 332, 0.6927447737587932, 333, 0.6926238481995763, 334, 0.6898459629316698, 335, 0.6928890178403309, 336, 0.6930857899401803, 337, 0.6934593389085641, 338, 0.6924311399016079, 339, 0.6926652011463782, 340, 0.6937650291395911, 341, 0.6915734688994531, 342, 0.6939639578147994, 343, 0.6940738532521235, 344, 0.6998398335490916, 345, 0.6969680388875781, 346, 0.6953489620833851, 347, 0.6925594461802059, 348, 0.692788319845149, 349, 0.6934831545185556, 350, 0.6937570953878213, 351, 0.6910962523603607, 352, 0.692788334759608, 353, 0.6930677308230923, 354, 0.6751746560349171, 355, 0.6933194561960373, 356, 0.6974537234840816, 357, 0.6942573192103405, 358, 0.6934191733519126, 359, 0.6913325660619246, 360, 0.7260229862458403, 361, 0.6910814457399556, 362, 0.646263316656308, 363, 0.6910590981002139, 364, 0.6930382533726008, 365, 0.6926200311060533, 366, 0.6925453708953725, 367, 0.6917013399653288, 368, 0.692756084358623, 369, 0.6930853407417956, 370, 0.6928227045295829, 371, 0.6925852683385306, 372, 0.692873393918493, 373, 0.6928396410911718, 374, 0.6927197497215498, 375, 0.6726442402337647, 376, 0.6926223542424544, 377, 0.692810192328883, 378, 0.6925058154563707, 379, 0.693668263245552, 380, 0.6933471684593131, 381, 0.6929649417876329, 382, 0.6930218527270421, 383, 0.6930385023931377, 384, 0.6908227668698219, 385, 0.6931179596494007, 386, 0.6922270897044479, 387, 0.6940424766822386, 388, 0.7110126136900442, 389, 0.7068552173256755, 390, 0.6923866708647537, 391, 0.6962176967959048, 392, 0.7036195312098928, 393, 0.691299944131071, 394, 0.6931008213882942, 395, 0.6930060252063188, 396, 0.695809041045098, 397, 0.6914778080385826, 398, 0.6928009010102364, 399, 0.6945656317968153, 400, 0.6935866802431756]