COMMENT:
run 14, dataset 1000/1800, optimizer - siman, delta factorized by 10, initial e log comparison sign, initial (nonnegative) delta, default lr, 400 epochs, batch 30, bce, after combined optimizer fault (no signif improv) long overnight run for almost full dataset on only one optimizer to test siman on a longer dataset size
=================MODEL=================
NeuralNetwork(
  (neural_stack): Sequential(
    (0): Linear(in_features=8575, out_features=2048, bias=True)
    (1): LeakyReLU(negative_slope=0.01)
    (2): Linear(in_features=2048, out_features=1024, bias=True)
    (3): LeakyReLU(negative_slope=0.01)
    (4): Linear(in_features=1024, out_features=512, bias=True)
    (5): LeakyReLU(negative_slope=0.01)
    (6): Linear(in_features=512, out_features=256, bias=True)
    (7): LeakyReLU(negative_slope=0.01)
    (8): Linear(in_features=256, out_features=128, bias=True)
    (9): LeakyReLU(negative_slope=0.01)
    (10): Linear(in_features=128, out_features=50, bias=True)
    (11): LeakyReLU(negative_slope=0.01)
    (12): Linear(in_features=50, out_features=30, bias=True)
    (13): LeakyReLU(negative_slope=0.01)
    (14): Linear(in_features=30, out_features=5, bias=True)
    (15): LeakyReLU(negative_slope=0.01)
    (16): Linear(in_features=5, out_features=1, bias=True)
    (17): Sigmoid()
  )
)
================OPTIMIZER================
SimulatedAnnealing ()Adam (
Parameter Group 0
    amsgrad: False
    betas: (0.9, 0.999)
    capturable: False
    decoupled_weight_decay: False
    differentiable: False
    eps: 1e-08
    foreach: None
    fused: None
    lr: 0.0001
    maximize: False
    weight_decay: 0
)
================LOSS FUNC================
BCELoss()
================LOSSES================
[0.46210607045069085, 0.4771611081110764, 0.5154173045556907, 0.5227931397498516, 0.45902032779163204, 0.46000486035476024, 0.495821646200153, 0.5165589868664855, 0.47550654986405216, 0.4761947134447507, 0.4942621025433837, 0.48074079034373085, 0.494853175343512, 0.453520975314704, 0.4958466277103957, 0.49859676796776375, 0.5062168503717566, 0.4963777908835509, 0.47412978747266715, 0.49847369081690895, 0.4740321618126462, 0.45941646238199724, 0.47980266111735703, 0.47735732775764195, 0.45946486988175805, 0.47838529091849247, 0.5344922114591373, 0.5348233075256779, 0.44491328255823415, 0.47696423056706244, 0.4362692592450531, 0.48029965542128766, 0.48779874729912454, 0.5161304027916486, 0.48193684546704785, 0.47435229896335185, 0.5041328913046378, 0.44062316433113874, 0.46215753382375213, 0.5132088323063457, 0.5655494180033381, 0.5082585349214684, 0.49661139652620606, 0.5166278905520055, 0.4791398636169925, 0.4807553617225978, 0.45439582307312887, 0.47562220436259584, 0.5366171512894659, 0.498379128097383, 0.47941265853058407, 0.5377842509427274, 0.5340852527580495, 0.5243616777206539, 0.47815787405986004, 0.5001197154436859, 0.5153788867974487, 0.5145806323260539, 0.48483241543064837, 0.5310308660631056, 0.5241212145032298, 0.5215185437086512, 0.5382356368965502, 0.5355887362775732, 0.4942762964885806, 0.5171427394901891, 0.5205177959926766, 0.5408412232773492, 0.5229940980069351, 0.5383025139495113, 0.4908846730626958, 0.5181649411325004, 0.4792316550885335, 0.5251222636724935, 0.4903335224844613, 0.5757578557230599, 0.4313454132658228, 0.5189550017754105, 0.49753259986748777, 0.46040631029704304, 0.4636905689861866, 0.5389615285003072, 0.47658221089493485, 0.47851878243794277, 0.4865822677689471, 0.555112578897912, 0.47788410342930454, 0.5347409349128545, 0.4746753990716913, 0.5611634779513069, 0.49298779107477725, 0.47534914017908675, 0.47627579907277123, 0.47727000576439393, 0.4749514201098262, 0.5103923349540421, 0.47172649924775967, 0.5004499069405008, 0.4540736738472292, 0.4957878320874387, 0.46080646617548193, 0.461823883872983, 0.5245348262602952, 0.500415213058188, 0.5436396738396563, 0.453634491907113, 0.5004995001215361, 0.5385455815766569, 0.5835344116300545, 0.47172969977062906, 0.5178315856814028, 0.4775863535634567, 0.48147630001704717, 0.48665536770075074, 0.4771057059705495, 0.5338721179098189, 0.5194152940586955, 0.548649111351051, 0.5241549553127726, 0.45789121716606, 0.48330175858055163, 0.5922494959411716, 0.5355452682205133, 0.4917015504518576, 0.47682218776978325, 0.4726044141961001, 0.5264665769410728, 0.4839110181221705, 0.4598011041198395, 0.5000816879324075, 0.48365968726154374, 0.4389623664503042, 0.47050522763498887, 0.5148565624166545, 0.5281429028142023, 0.5581791841226114, 0.5384850649287721, 0.5575064405181397, 0.4793117178239451, 0.519066901601629, 0.4760179206951008, 0.4573432718926939, 0.49635156381486234, 0.5070169937513277, 0.540624308797332, 0.4812116043173231, 0.5097640366179251, 0.4975291918718955, 0.4545989327553804, 0.49788771915130453, 0.4721308953864913, 0.4569523238215122, 0.490298139975314, 0.4611688997129661, 0.49129472944011604, 0.4958443073443599, 0.4591934484136305, 0.5181276918120203, 0.5268610194686645, 0.4921830484300464, 0.4552036127991903, 0.519573065007026, 0.4571204371171408, 0.516113016245248, 0.5455358052670873, 0.48043136779837003, 0.4595566630413207, 0.4568726947474909, 0.4796936596261411, 0.47716760333249264, 0.48991780847776956, 0.5552124937025158, 0.49431044064110924, 0.49968863648869705, 0.4971746474437399, 0.541122239010622, 0.48100111605138696, 0.4977448705218258, 0.5411329538227511, 0.4535928614530913, 0.4972130496357298, 0.4542228991847839, 0.5029519441705338, 0.45532533921236656, 0.4826363301223667, 0.5008023417317962, 0.5326572642299192, 0.47353508719109627, 0.4931138474296798, 0.4921414849877177, 0.43094395468365376, 0.45250626139724515, 0.48111827392911954, 0.5054320988189976, 0.4586650528134398, 0.45561140874917255, 0.45695133432581536, 0.5384662234301049, 0.5038588214872652, 0.4534512545488697, 0.4545415979274843, 0.5440104257200912, 0.45129045195263223, 0.5176875022957665, 0.4444369839645411, 0.4329900305698399, 0.4945363002184796, 0.4943062994178155, 0.458928485128098, 0.4573026637278058, 0.48037668373106573, 0.4912835540494032, 0.47671361014384445, 0.49110903895084923, 0.4535196621074054, 0.4931589115562545, 0.4794684724099875, 0.5020620550416374, 0.4924056912603214, 0.5053887670688668, 0.5326456248069964, 0.5200053818532843, 0.5564687852326566, 0.5420994386497235, 0.45442763617791104, 0.5251271223920461, 0.516490578604841, 0.46036731133785264, 0.475179564391072, 0.49971337572448865, 0.4944243918895617, 0.47632964449974985, 0.5186941224912783, 0.49653044248402856, 0.4783183506597482, 0.4933798875011551, 0.4765509376214124, 0.5363185167591755, 0.4694873486502335, 0.5085356025000961, 0.5085025914555634, 0.5401252025941543, 0.558920990265439, 0.4802494609526448, 0.4766734177116343, 0.5169921724187296, 0.4677796279166853, 0.4763542658059057, 0.49435377827162447, 0.5327409280545398, 0.46720426291840134, 0.4962887170112194, 0.5321920520316422, 0.5384575460100293, 0.4801202420412541, 0.45439508359403824, 0.4967407479147823, 0.479650551966968, 0.49489147947685813, 0.49996356014050725, 0.4361944509529281, 0.5016896791477449, 0.4562831050500135, 0.49826527911908847, 0.5196606431752866, 0.4612665783350055, 0.4760832529211676, 0.5827761026742929, 0.5143415214967945, 0.5442592888522289, 0.4565630280785491, 0.4551501867718303, 0.4970142725892959, 0.5306931686272913, 0.5169072579000843, 0.5277751052797381, 0.4355705872739858, 0.47783555991025656, 0.5583841128951719, 0.45775404410773224, 0.500839960700512, 0.5450650133327893, 0.5044002209028668, 0.4753248442144324, 0.46652437971262667, 0.6013171810571651, 0.47336003139294064, 0.540358218153898, 0.4358353059914127, 0.52694831232753, 0.5193989141645144, 0.4555554973693943, 0.4600830426941884, 0.5147223440294426, 0.5219959719770245, 0.4812459108288825, 0.4939210460926643, 0.4758140612185128, 0.47879066543807886, 0.49841559232321053, 0.4811183097601024, 0.46179202433235267, 0.4889354281845443, 0.5366947010007774, 0.4369529985709264, 0.47365529423087127, 0.5318105974328504, 0.5171652004844143, 0.49651269591842073, 0.514691536268581, 0.47806925624413005, 0.4993325839302559, 0.5850217490104491, 0.5359205425371187, 0.5153537368379094, 0.4972429330923538, 0.46265294630530557, 0.4655768964824278, 0.47492017559879873, 0.5254390387915414, 0.5163705863822298, 0.4922167484373582, 0.43333039274485713, 0.4935994128050465, 0.5404736089870956, 0.47896874562728137, 0.4379288028606268, 0.4898788521203111, 0.5808786450897645, 0.5319653996828068, 0.525828491202044, 0.5165022187556261, 0.47391031980972176, 0.4555060558646277, 0.4856944135233219, 0.49842113268868093, 0.4412919885389718, 0.43977338223839113, 0.4399302448671348, 0.5021742333887429, 0.47105381942085506, 0.45457299133413304, 0.5086842736988418, 0.4753354810426474, 0.5024105337231121, 0.47968194948713144, 0.5279746522746951, 0.5173579719918473, 0.4805964550784247, 0.5153892580852959, 0.4803324503142683, 0.5777709127690682, 0.48152225177461633, 0.4788071635312513, 0.500657828998587, 0.4917328824935198, 0.45306592820764036, 0.49973320447791936, 0.4781055460002188, 0.4770010959246822, 0.497928650777702, 0.5162494063369417, 0.4443424379731424, 0.5323571948099115, 0.45656273119647434, 0.5156449144511516, 0.47282765314300607, 0.4581417427273942, 0.5424330645048807, 0.45685491774326464, 0.49834636137260885, 0.536991344040396, 0.4732079738425535, 0.5005977797448163, 0.476009797907662, 0.5189031804718455, 0.43735313871929116, 0.4819785921703722, 0.48236016766363066, 0.499252255969648, 0.45794406795449166, 0.5348642636606441, 0.4506668908862174, 0.4980090431137594, 0.5380849709364142, 0.45862421265152953, 0.5011612705737982, 0.4758900001542489, 0.47162463605695876, 0.5175281688879972, 0.45008994677840114, 0.4581860689228663, 0.48930364233675583, 0.5003104650414902, 0.47814771819590113, 0.4989583662007226, 0.49358259378435954, 0.49875479566712416, 0.48127752871032253, 0.4947117127200702]