COMMENT:
run 24: last training run with 3000 epochs has shown model hasn't lea:rned a thing (av. error 0.513), hence reducing epochs to 2000. lr 1e-05, bs 30, bce, adam, 2000 epochs, training a labrat model version
=================MODEL=================
NeuralNetwork(
  (neural_stack): Sequential(
    (0): Linear(in_features=8575, out_features=2048, bias=True)
    (1): LeakyReLU(negative_slope=0.01)
    (2): Linear(in_features=2048, out_features=1024, bias=True)
    (3): LeakyReLU(negative_slope=0.01)
    (4): Linear(in_features=1024, out_features=512, bias=True)
    (5): LeakyReLU(negative_slope=0.01)
    (6): Linear(in_features=512, out_features=256, bias=True)
    (7): LeakyReLU(negative_slope=0.01)
    (8): Linear(in_features=256, out_features=128, bias=True)
    (9): LeakyReLU(negative_slope=0.01)
    (10): Linear(in_features=128, out_features=50, bias=True)
    (11): LeakyReLU(negative_slope=0.01)
    (12): Linear(in_features=50, out_features=30, bias=True)
    (13): LeakyReLU(negative_slope=0.01)
    (14): Linear(in_features=30, out_features=5, bias=True)
    (15): LeakyReLU(negative_slope=0.01)
    (16): Linear(in_features=5, out_features=1, bias=True)
    (17): Sigmoid()
  )
)
================OPTIMIZER================
Adam (
Parameter Group 0
    amsgrad: False
    betas: (0.9, 0.999)
    capturable: False
    decoupled_weight_decay: False
    differentiable: False
    eps: 1e-08
    foreach: None
    fused: None
    lr: 1e-05
    maximize: False
    weight_decay: 0
)
================LOSS FUNC================
BCELoss()
================LOSSES================
[1, 1.2532404754696311, 2, 0.7139247142947837, 3, 0.7030597021179036, 4, 0.6777570905092407, 5, 0.6987500055966716, 6, 0.6904171918747798, 7, 0.6969122466090109, 8, 0.6985125254106351, 9, 0.690683265004758, 10, 0.6958859649132152, 11, 0.698544894542366, 12, 0.708795695919055, 13, 0.6641302754871952, 14, 0.6920532677999858, 15, 0.6929640512232247, 16, 0.6932528939497654, 17, 0.7076394856703392, 18, 0.6763970090701084, 19, 0.6943660000375327, 20, 0.6963078452012916, 21, 0.6681498342137712, 22, 0.6955289994894784, 23, 0.6858328867406942, 24, 0.6948661715364732, 25, 0.6724605235657457, 26, 0.6737666781128989, 27, 0.666909446320163, 28, 0.6988212402068903, 29, 0.6652138550938446, 30, 0.6919005913089433, 31, 0.7079482780502064, 32, 0.7023839339138049, 33, 0.6777142888707411, 34, 0.6984346691880162, 35, 0.6937862273049196, 36, 0.7001921005716194, 37, 0.6950963917932657, 38, 0.6906193526059999, 39, 0.6743461891172604, 40, 0.6948002799178525, 41, 0.6883200151157318, 42, 0.691857544263714, 43, 0.6907665664497425, 44, 0.7067660594767536, 45, 0.69772804345548, 46, 0.6946962412046052, 47, 0.6930150940440314, 48, 0.6975693761771128, 49, 0.7019162734782383, 50, 0.6718093223419164, 51, 0.6945319448168028, 52, 0.6940222665129772, 53, 0.6711429453915685, 54, 0.6948117267151138, 55, 0.6970528157718446, 56, 0.6910182737800089, 57, 0.6941520927995576, 58, 0.6942590420389781, 59, 0.6918180695535355, 60, 0.6907357262207228, 61, 0.7056872227303546, 62, 0.6089876617068808, 63, 0.7445878758094842, 64, 0.7398784459433138, 65, 0.6939043897561258, 66, 0.6626742883400666, 67, 0.6894092842372255, 68, 0.6984855171207541, 69, 0.7806702517948649, 70, 0.6976828522166111, 71, 0.7073166729677814, 72, 0.6642371854559854, 73, 0.6717058931277106, 74, 0.6847658380582842, 75, 0.6906178202024553, 76, 0.7275686790099791, 77, 0.6832030347470803, 78, 0.6851369588900754, 79, 0.6923329292425117, 80, 0.7250708220576668, 81, 0.6762752371494548, 82, 0.6958193452684811, 83, 0.6761758475577788, 84, 0.6690185832120475, 85, 0.7222613864584707, 86, 0.7480136162231188, 87, 0.7108617252354752, 88, 0.6518309493357266, 89, 0.7051765083810688, 90, 0.6875218321908287, 91, 0.6798408671077728, 92, 0.6804136711782678, 93, 0.6714040071297419, 94, 0.7562224076778802, 95, 0.6866705413245268, 96, 0.6896986976679597, 97, 0.685354201769203, 98, 0.7048101566069019, 99, 0.696694086327612, 100, 0.7144028075722261, 101, 0.6492399879389336, 102, 0.6867835502015963, 103, 0.669331987362868, 104, 0.6907829646453272, 105, 0.7073659544369028, 106, 0.7065653929446305, 107, 0.712710278832175, 108, 0.7170743305144037, 109, 0.7272753487546839, 110, 0.6718801676872705, 111, 0.6829060687424744, 112, 0.7263806006483201, 113, 0.607138385729087, 114, 0.6774067186918218, 115, 0.6777850885886352, 116, 0.657016282887436, 117, 0.6842953681011433, 118, 0.6961094343566764, 119, 0.7062951265034811, 120, 0.6803833918897696, 121, 0.6767426349613451, 122, 0.6888716217033685, 123, 0.7759528021394589, 124, 0.6795973287444511, 125, 0.6580540178193613, 126, 0.6968632320873047, 127, 0.6667529915111258, 128, 0.7985465388969729, 129, 0.6489363350308324, 130, 0.6459626564208715, 131, 0.6938028427926056, 132, 0.6900666361392859, 133, 0.6683337651914634, 134, 0.697943230106991, 135, 0.7054317937580232, 136, 0.6358061581016011, 137, 0.6815222180064755, 138, 0.6822885285403486, 139, 0.6864140272378226, 140, 0.6746364010471105, 141, 0.6844169473295084, 142, 0.6806682574442569, 143, 0.6832875657625073, 144, 0.7158369551576956, 145, 0.6842414137957096, 146, 0.7102606731731516, 147, 0.6650561768500314, 148, 0.6598218666996913, 149, 0.6566740883917563, 150, 0.8381626209232205, 151, 0.659525768866794, 152, 0.6522630865505891, 153, 0.6887951528280113, 154, 0.6620414715250083, 155, 0.6316427121695145, 156, 0.704790796605718, 157, 0.6521530795881738, 158, 0.660847012703045, 159, 0.6630404709822467, 160, 0.7121613725260467, 161, 0.6127157115911466, 162, 0.6456359178026825, 163, 0.684744913559451, 164, 0.6569930012813917, 165, 0.6010343882095341, 166, 0.6621983487221121, 167, 0.6659422038848352, 168, 0.6437076661094066, 169, 0.6809065268471071, 170, 0.6348281266281763, 171, 0.564567258064477, 172, 0.6813213143600335, 173, 0.6582010542063222, 174, 0.7479517359148037, 175, 0.6852165180025636, 176, 0.6258990646744407, 177, 0.6824038009949724, 178, 0.7405235466747965, 179, 0.6428112779023504, 180, 0.6699119030063663, 181, 0.7036587536378521, 182, 0.6793379169101225, 183, 0.6876712142697592, 184, 0.631465563809302, 185, 0.6736719117574385, 186, 0.6332928960061989, 187, 0.6571475489588648, 188, 0.5383591313854744, 189, 0.7687467397604498, 190, 0.6118330677000261, 191, 0.7420982183172022, 192, 0.6506769846072338, 193, 0.6774370149958361, 194, 0.6744877310160043, 195, 0.5694297308705795, 196, 0.6313295531033114, 197, 0.641257051695991, 198, 0.6219797013221116, 199, 0.679973679654243, 200, 0.6612978477457016, 201, 0.695238033818396, 202, 0.633431120005602, 203, 0.6407728848148447, 204, 0.6118707918632901, 205, 0.6978837589267062, 206, 0.599710798352575, 207, 0.6407904342429646, 208, 0.6728901954385809, 209, 0.6160849994208069, 210, 0.6353702207688033, 211, 0.6828588671107819, 212, 0.6543108662002475, 213, 0.6357411950723973, 214, 0.6163524152334131, 215, 0.6258711564943487, 216, 0.6046120209822643, 217, 0.6331785018419714, 218, 0.6795148800104632, 219, 0.6358917115508688, 220, 0.50910372086869, 221, 0.613486602244747, 222, 0.7051832681165469, 223, 0.7369561596640966, 224, 0.6045569878099765, 225, 0.6618456809365209, 226, 0.6798136800486279, 227, 0.6569561874438067, 228, 0.5743621425163733, 229, 0.5574598915163274, 230, 0.7092250143862849, 231, 0.7005589933058716, 232, 0.7345098660597646, 233, 0.6752997449719838, 234, 0.550354277441106, 235, 0.5900168007109801, 236, 0.6032617895783725, 237, 0.7184111839160174, 238, 0.6567580654079982, 239, 0.6187620798731909, 240, 0.5712558614919935, 241, 0.71933055684509, 242, 0.5585396059274274, 243, 0.6035717606571105, 244, 0.8753839277432929, 245, 0.6160196450533025, 246, 0.5466864562867434, 247, 0.6022347880659876, 248, 0.6316099079020224, 249, 0.5976568154579301, 250, 0.7324655246829581, 251, 0.5041393736455634, 252, 0.6704073073326899, 253, 0.545617786465487, 254, 0.5749379193692957, 255, 0.5303856221449716, 256, 0.5618539432658449, 257, 0.6199805915219083, 258, 0.6087592948157744, 259, 0.5791730482384954, 260, 0.6169717457540845, 261, 0.6442543670851729, 262, 0.5450039233280707, 263, 0.6027000587065332, 264, 0.5768192738025921, 265, 0.5856172826773653, 266, 0.5914634357465641, 267, 0.8449239232073609, 268, 0.5689618655862172, 269, 0.5892107057761393, 270, 0.5889626042874128, 271, 0.5035618580130978, 272, 0.5693011493456669, 273, 0.4749083209199611, 274, 0.5174330267889171, 275, 0.6011342154956297, 276, 0.6058037658674611, 277, 0.5737245307354508, 278, 0.5299811263583836, 279, 0.5351931629185113, 280, 0.632658967601881, 281, 0.511363822678689, 282, 0.5452381725971186, 283, 0.6018261190572345, 284, 0.7530753363630922, 285, 0.5887495848259195, 286, 0.6643517138960593, 287, 0.8812293309184527, 288, 0.6024636578539879, 289, 0.5821559379293169, 290, 0.5676242583683325, 291, 0.7364721516061802, 292, 0.5918592618982349, 293, 0.5104216983531228, 294, 0.5750565480697134, 295, 0.43999644744528066, 296, 0.5405156591057643, 297, 0.6667264321153981, 298, 0.5046110118420262, 299, 0.707905394933235, 300, 0.4942982832932306, 301, 0.5036962172506084, 302, 0.5332373377716649, 303, 0.4805928876076775, 304, 0.5546960188771481, 305, 0.5484725633536569, 306, 0.6054075617430403, 307, 0.7953828400800376, 308, 0.5484673260672609, 309, 0.7269263704843593, 310, 0.6956591788332918, 311, 0.6086553111688209, 312, 0.4444472858107546, 313, 0.5325460964249146, 314, 0.5732295461680437, 315, 0.5294679939130106, 316, 0.6492207896949908, 317, 0.7208274359632256, 318, 0.5456026362887286, 319, 0.46716486858310075, 320, 0.5451860124228589, 321, 0.5555401922416906, 322, 0.6114514831883081, 323, 0.5045147648401549, 324, 0.5326387756051311, 325, 0.5656582205464971, 326, 0.604445014835854, 327, 0.6230622094613619, 328, 0.5548590003631279, 329, 0.4942254738288813, 330, 0.8016638742285717, 331, 0.473635003452891, 332, 0.5605613522164542, 333, 0.4627561395542013, 334, 0.5697504026207237, 335, 0.6432765024676923, 336, 0.46540880790522654, 337, 0.5853872388022802, 338, 0.5123353921839225, 339, 0.7531709760337092, 340, 0.5561342692582397, 341, 0.5120243583571292, 342, 0.5675790218662908, 343, 0.4258286154231351, 344, 0.6803239105581038, 345, 0.4619650423540617, 346, 0.44505400035681647, 347, 0.5156263050164094, 348, 0.48424307496679203, 349, 0.4719542572489677, 350, 0.578708280516793, 351, 1.0382064353774851, 352, 0.7118267696632147, 353, 0.33110318047400195, 354, 0.49354574755618513, 355, 0.4959057060442932, 356, 0.4784744397368683, 357, 0.5882462433886142, 358, 0.5731244692492383, 359, 0.5136657113354263, 360, 0.5414663922234996, 361, 0.5375455729628189, 362, 0.7775095219645044, 363, 0.4018848020413666, 364, 0.6506527887030537, 365, 0.5627285489551921, 366, 0.5540050029832866, 367, 0.5598382319071574, 368, 0.38285918472631, 369, 0.9927312637659588, 370, 0.34200483464375553, 371, 0.5198324699771001, 372, 0.7007747854674465, 373, 0.6205291039405256, 374, 0.4316222980927017, 375, 0.43631814341233194, 376, 0.5684549592126132, 377, 0.527537481014779, 378, 0.4899281883879437, 379, 0.5043908747193386, 380, 0.7344609532475912, 381, 0.5160738962609659, 382, 0.42419586062474846, 383, 0.4669142466463361, 384, 0.45508964495747506, 385, 0.5007754751995208, 386, 0.38023617965319306, 387, 0.6207445242903995, 388, 0.42730798769885003, 389, 0.5005771635065212, 390, 0.5355450503579324, 391, 0.5319329732991103, 392, 0.753156669512565, 393, 0.6807199870192375, 394, 1.0119680652185787, 395, 0.5843785863829322, 396, 0.5032510721471787, 397, 0.29370835423606495, 398, 0.7371553204705562, 399, 0.5249553173072719, 400, 0.4302811466233578, 401, 0.4488213887331822, 402, 0.39072999494011934, 403, 0.5821205218138717, 404, 0.44903817303687155, 405, 0.5044980763779333, 406, 0.5421392843352865, 407, 0.48587772647529825, 408, 0.7035088734420195, 409, 0.4655556153945639, 410, 0.5155181139488008, 411, 0.4132418244792941, 412, 0.4583153874042555, 413, 0.5587007434070721, 414, 0.6624087617795459, 415, 0.4537914473096959, 416, 0.5235189455125373, 417, 0.6566770189088426, 418, 0.5328848347490794, 419, 0.4532076581341198, 420, 0.531520572340723, 421, 0.3748920300603089, 422, 0.495167024469553, 423, 0.5210082517570946, 424, 0.5128749323145807, 425, 0.3675161729662796, 426, 0.45791599661058935, 427, 0.5039326450477252, 428, 0.36922267534151043, 429, 0.48243821815184723, 430, 0.5290998785580414, 431, 0.379042828279425, 432, 0.5347749321412394, 433, 0.4639902163370778, 434, 0.37921565204359037, 435, 0.5808556487011536, 436, 0.42800978164118414, 437, 0.5365387748382392, 438, 0.37805045882706256, 439, 0.6113202314590048, 440, 0.7981555567030938, 441, 0.5417262505506666, 442, 0.4899058088938272, 443, 0.37518174888767214, 444, 0.48145205648663864, 445, 0.47456955116530725, 446, 0.5071088662461157, 447, 0.39141996835312237, 448, 0.3895961933878362, 449, 0.4165591726224669, 450, 0.4282404297001053, 451, 0.6472435063027564, 452, 0.3854813908855476, 453, 0.7533838883523991, 454, 1.0533751317353672, 455, 0.3953340278768973, 456, 0.46658946489968683, 457, 0.5286739534608473, 458, 0.4147092281326262, 459, 0.4392348195492742, 460, 0.4885082157304256, 461, 0.7539971394599052, 462, 0.5856799506374686, 463, 0.3771103476415345, 464, 0.3636817846914789, 465, 0.6021794002238263, 466, 0.4728308585059793, 467, 0.47872606280878593, 468, 0.4307403418289095, 469, 0.45150243464006107, 470, 0.5414342262119685, 471, 0.40134623089190513, 472, 0.5258804346478178, 473, 0.40855893867191795, 474, 0.5070164223762288, 475, 0.4680296114829881, 476, 0.6742142723357121, 477, 0.34564332912873624, 478, 0.7202671409934442, 479, 0.36388542442179345, 480, 0.4045541864476637, 481, 0.38879097991596645, 482, 0.3730401284865348, 483, 0.3837072853977806, 484, 0.4404442536525342, 485, 0.47425214238788094, 486, 0.46023778687187805, 487, 0.7270783539344049, 488, 0.2823533383358529, 489, 0.4365100293010432, 490, 0.335583228196532, 491, 0.49567570587923077, 492, 0.44340015136727295, 493, 0.4301984858481222, 494, 0.30464959654061424, 495, 0.5328819933851049, 496, 0.3839745747014466, 497, 0.5125676162915965, 498, 0.363598089122526, 499, 0.32256031586683565, 500, 0.4954220266033572, 501, 0.430245523416689, 502, 0.4386732755208208, 503, 0.39827859957340234, 504, 0.3724427336324021, 505, 0.5491866789595929, 506, 0.5298172342847048, 507, 0.7727908587896942, 508, 0.47315129938922523, 509, 0.4575875868599966, 510, 0.24831211358642685, 511, 0.31027721275470554, 512, 0.46760546727489793, 513, 0.6885734806499939, 514, 0.3616729563358885, 515, 0.5050791016144326, 516, 0.39868571958209115, 517, 0.487479902315919, 518, 1.0382516509980597, 519, 0.8089960453672634, 520, 0.3929735760448357, 521, 0.446028945043804, 522, 0.4958241751411414, 523, 0.610935550386216, 524, 0.29409536774571665, 525, 0.40696161709057727, 526, 0.5010190165376751, 527, 0.5479365310492574, 528, 0.491580849947959, 529, 0.5091158165046261, 530, 0.2823243794565913, 531, 0.44929609860477787, 532, 0.39458741611669446, 533, 0.3773051772397432, 534, 0.5213536967620601, 535, 0.43055897867660825, 536, 0.5807584716754135, 537, 0.40305898404847357, 538, 0.4084680733790267, 539, 0.4857810059632802, 540, 0.34504954608932403, 541, 0.8044828110766027, 542, 0.3427668459931798, 543, 0.39974838462862167, 544, 0.4297912224873028, 545, 0.40991648566678435, 546, 0.5238054853451068, 547, 0.393463217860797, 548, 0.3921316668766439, 549, 0.5197688967622682, 550, 0.26988267451980513, 551, 0.4157107764785112, 552, 0.34676943255917014, 553, 0.30033013715378565, 554, 0.3809151912400797, 555, 0.8848669232057201, 556, 0.5826776248115484, 557, 0.44556061808431874, 558, 0.41095217996759587, 559, 0.3864434826723079, 560, 0.5772539551330856, 561, 0.5539626336785267, 562, 0.4382334604796089, 563, 0.46102972142589205, 564, 0.27239767752110655, 565, 0.35664410838369803, 566, 0.6386358142281805, 567, 0.9445661829372914, 568, 0.3882314570112812, 569, 0.2690803760476453, 570, 0.4626788033615746, 571, 0.5100276540040568, 572, 0.3870307081956626, 573, 0.4032946546345933, 574, 0.48466790420656114, 575, 0.304133496650075, 576, 0.8890860369314544, 577, 0.4200412769529903, 578, 0.5087382903847681, 579, 0.5952038882362136, 580, 0.29205856640504274, 581, 0.7473258054970965, 582, 0.29858737602445284, 583, 0.37282796826187276, 584, 0.5844605655914709, 585, 0.3422171121327889, 586, 0.3612751078501819, 587, 0.363509665181633, 588, 0.42871478820055675, 589, 0.3146163606108804, 590, 0.4081728993452183, 591, 0.29832980415779414, 592, 0.4622345946497191, 593, 0.25778156311800415, 594, 0.4835289567980271, 595, 0.4778162426694156, 596, 0.4126634959996555, 597, 0.31928199532894136, 598, 0.35524711535397474, 599, 0.9783437403454579, 600, 0.4489914920654822, 601, 0.6520550852936052, 602, 0.34252138161959894, 603, 0.487695253913898, 604, 0.35010008662026176, 605, 0.366297233717463, 606, 0.3516974300677, 607, 0.8289322859577484, 608, 0.4025098483480214, 609, 0.4433717082475149, 610, 0.3283699609650348, 611, 0.4124741587065967, 612, 0.45899808827405914, 613, 0.29152155483683345, 614, 0.7091599898597974, 615, 0.43695691546782583, 616, 0.756147024358503, 617, 0.46853650038178435, 618, 0.602868323550108, 619, 0.3949128345194875, 620, 0.37049979124001037, 621, 0.44676516229933194, 622, 0.2859143239989173, 623, 0.20438794852861883, 624, 0.3619080224923561, 625, 0.2722389744038232, 626, 0.35231277954513174, 627, 0.2784057562944493, 628, 0.40051732480202146, 629, 0.28294121502498554, 630, 0.30306676583325753, 631, 0.28019354820310977, 632, 0.29633139692279403, 633, 0.419588119775719, 634, 0.4086258747899108, 635, 1.091535291782847, 636, 0.4029681532511948, 637, 0.2750290573650465, 638, 0.54449492394214, 639, 0.39235114065265864, 640, 0.3554985164092148, 641, 0.18263648844269428, 642, 0.4549188073259675, 643, 0.3019250309252044, 644, 0.3184278911256939, 645, 0.4337643424154464, 646, 0.6227442070319887, 647, 0.3154395296094516, 648, 0.42257932882112514, 649, 0.3868094776774671, 650, 0.2672038500146341, 651, 0.5416485625354432, 652, 0.32480616647443944, 653, 0.4429754220903133, 654, 0.25155550416915673, 655, 0.4505938146882655, 656, 0.3649698545872402, 657, 0.31189276775654606, 658, 0.22251152209783598, 659, 0.3577290283612227, 660, 0.6560550766193075, 661, 0.2919591182763374, 662, 0.36401106039566966, 663, 0.4498732823363139, 664, 0.3431594482990501, 665, 0.40327529214252616, 666, 0.6589586186007244, 667, 0.2712967251911126, 668, 0.42125796284186273, 669, 0.3401860880590802, 670, 0.3241725564185506, 671, 0.6987123582561527, 672, 0.3529054182978071, 673, 0.3843489808228511, 674, 0.2451917762731208, 675, 0.28424695751764506, 676, 0.33060678193127496, 677, 0.6135332767317225, 678, 0.9891905843794482, 679, 0.67450782852949, 680, 0.34094456024656394, 681, 0.47138192009352003, 682, 0.39513962962744337, 683, 0.27250089779023606, 684, 0.37399467426377214, 685, 0.28320929605122364, 686, 0.39950843335980835, 687, 0.4539831743866029, 688, 0.36970116289564486, 689, 0.30128275359401574, 690, 0.5787686212422369, 691, 0.3190570649907355, 692, 0.2924265719652619, 693, 0.2261365037535573, 694, 0.17006704858138322, 695, 0.5381745098814601, 696, 0.5742949640002016, 697, 0.47755733833789676, 698, 0.4063051453210905, 699, 0.3245407473754634, 700, 0.547731235515559, 701, 0.3274356462669409, 702, 0.3827793031070525, 703, 0.2674828950608114, 704, 0.27517613722330775, 705, 0.27096268060295997, 706, 0.2891683068057694, 707, 0.4294931465365186, 708, 0.5289159161544886, 709, 0.23285689395322082, 710, 0.5230411997290372, 711, 0.2803126404629676, 712, 0.38900620548890363, 713, 0.33236514921197013, 714, 0.44478069628879896, 715, 0.29535123719565265, 716, 0.4279234129505179, 717, 0.2565661934243618, 718, 0.5079922542145489, 719, 0.25603443576454815, 720, 0.37001690778428864, 721, 0.359833433940102, 722, 0.2959800260255802, 723, 0.28259855895707076, 724, 0.6804108290840051, 725, 0.38193708195385034, 726, 0.3970157544459095, 727, 0.3228050686263836, 728, 0.5047186926153543, 729, 0.4307804725339113, 730, 0.4746819126247693, 731, 0.5286961650876473, 732, 0.3730685291473981, 733, 0.5408880961203818, 734, 0.39306031819781706, 735, 0.8348677789973852, 736, 0.44774673964318057, 737, 0.28699834929551893, 738, 0.4625004476942876, 739, 0.2822051793064014, 740, 0.3216937317733904, 741, 0.21000087954858043, 742, 0.7066039849061929, 743, 0.2707897973420694, 744, 0.3134034411081875, 745, 0.2951525021187067, 746, 0.40481718830918106, 747, 0.34753707194001876, 748, 0.5255163104079777, 749, 0.3330822764953241, 750, 0.2765234042495254, 751, 0.28439380672277215, 752, 0.330991741722554, 753, 0.40594512407678873, 754, 0.37221309736521113, 755, 0.3270642461107846, 756, 0.27604280848334944, 757, 0.2849162085880331, 758, 0.9565759254764691, 759, 0.4051246766748612, 760, 0.5416346430581043, 761, 0.33203474842927694, 762, 0.36135476166622305, 763, 0.39597733593137424, 764, 0.4077093593035489, 765, 0.3374116835360981, 766, 0.5721416587127373, 767, 0.2690963008488157, 768, 0.3491837460889524, 769, 0.6170878680907662, 770, 0.3280914225313014, 771, 0.23375377733743863, 772, 0.34929805024956573, 773, 0.2604513099251207, 774, 0.26206982433020687, 775, 0.32833864373071564, 776, 0.22264512941735806, 777, 0.24405492115501465, 778, 0.48663878522199167, 779, 0.5345881860169354, 780, 0.440918162370111, 781, 0.27247197799686734, 782, 0.3819874540624504, 783, 0.5026894330991206, 784, 0.5473815102345324, 785, 0.3549562030165593, 786, 0.3706887476505984, 787, 0.4123679087694424, 788, 0.5513582429978631, 789, 0.265704371127652, 790, 0.3647412502367717, 791, 0.29610493890211814, 792, 0.3424125974965303, 793, 0.2550587500011886, 794, 0.6633724353047771, 795, 0.2274202693601278, 796, 0.3414778542834289, 797, 0.3817434126854154, 798, 0.23640241004032758, 799, 0.48626320118815286, 800, 0.3591528030982672, 801, 0.25211476013971335, 802, 0.40923907144075977, 803, 0.30646585596328674, 804, 0.6171807843233348, 805, 0.29769397594650093, 806, 0.3167899185968424, 807, 0.2901886125334739, 808, 0.6294648540190492, 809, 0.2962466240993725, 810, 0.4952387744200879, 811, 0.4411181827648441, 812, 0.19290281166625942, 813, 0.3004740388310088, 814, 0.246631708334721, 815, 0.2981085796373265, 816, 0.426687284528889, 817, 0.31778056846142183, 818, 0.2890496054742097, 819, 0.24770240072416957, 820, 0.38059202765516403, 821, 0.24082309100002125, 822, 0.2503379414780983, 823, 0.34996862614355145, 824, 0.3805650596202625, 825, 0.38309068568984206, 826, 0.23674395583322785, 827, 0.3914043192360893, 828, 0.36837965508187587, 829, 0.41849424129955354, 830, 0.3569541839566493, 831, 0.49809971846668855, 832, 0.21337903194204597, 833, 0.18972073893139876, 834, 0.9301428051210628, 835, 0.26630819051369764, 836, 0.33466299214228307, 837, 0.4954109396112993, 838, 0.4823193303067524, 839, 0.3272511609730498, 840, 0.2977319311368205, 841, 0.39207338261565744, 842, 0.19381726587268602, 843, 0.6568745782363268, 844, 0.25344378260839295, 845, 0.31346038592065806, 846, 0.31783171057135573, 847, 0.23641466438657222, 848, 0.6709715210049666, 849, 0.7770563785414972, 850, 0.3317652800301901, 851, 0.2630892702729002, 852, 0.3461507312851314, 853, 0.5971065636256683, 854, 0.40883240952533184, 855, 0.7225221270362187, 856, 0.5186822434462853, 857, 0.33760798572755457, 858, 0.18266204099310926, 859, 0.24151188341874497, 860, 0.260843871975079, 861, 0.2657953887258259, 862, 0.5652390175568915, 863, 0.30398051253523445, 864, 0.531444937439001, 865, 0.29909075202501473, 866, 0.23483396545080742, 867, 0.2840690491144075, 868, 0.23565008143993715, 869, 0.47550243066573955, 870, 0.27672410778552947, 871, 0.2289592664351385, 872, 0.28182786050441927, 873, 0.33171767478582304, 874, 0.23742733202854535, 875, 0.3372883204008473, 876, 0.2156179134803276, 877, 0.19764714942221165, 878, 0.6085959266074908, 879, 0.4230158141514089, 880, 0.3732963262186652, 881, 0.37289127908954794, 882, 0.2840697545974747, 883, 0.22391742209966498, 884, 0.7916548080479066, 885, 0.2648982844084452, 886, 0.3199072617610717, 887, 0.22356990821269176, 888, 0.61930645586379, 889, 0.9140810965571048, 890, 0.37478502452378704, 891, 0.20479652389545017, 892, 0.31074011791884965, 893, 0.2619068976993326, 894, 0.4380912697203117, 895, 0.2699887183495316, 896, 0.40605151991565147, 897, 0.13006668081481126, 898, 0.33719785538573344, 899, 0.24015416029853254, 900, 0.3742307943461777, 901, 0.21597337974984646, 902, 0.28727789130906356, 903, 0.4668828231426082, 904, 0.33518467139981645, 905, 0.2930434967988396, 906, 0.3343390755623982, 907, 0.26553895486177054, 908, 0.23836419933535552, 909, 0.2602749015443677, 910, 0.3690201033541536, 911, 0.1750749871588402, 912, 0.21860478072748044, 913, 0.25891797448525383, 914, 0.368180307891984, 915, 0.41512082937584177, 916, 0.18443931180426779, 917, 0.4610141130145483, 918, 0.569560329716424, 919, 0.6949432040669267, 920, 0.42702789827789894, 921, 0.24075864827402277, 922, 0.31075281531126286, 923, 0.2403057885354834, 924, 0.3213005693525089, 925, 0.23049118656702122, 926, 0.3345358810466697, 927, 0.23614984971355255, 928, 0.3059734035651761, 929, 0.5188143466942144, 930, 0.5828310049113753, 931, 0.33008242546875605, 932, 0.23300144997564182, 933, 0.30268892325248953, 934, 0.19336689703669288, 935, 0.1975651509965635, 936, 0.37923295875185153, 937, 0.284202980900583, 938, 0.21213122931381193, 939, 0.33121106259572225, 940, 0.4156500300393135, 941, 0.24316817680332078, 942, 0.26496537225880934, 943, 0.41464406236665374, 944, 0.47996114447674026, 945, 0.37095284161827846, 946, 0.4140531916499634, 947, 0.2869308914103863, 948, 0.2923499270765755, 949, 0.24860675631587054, 950, 0.6853897407290591, 951, 0.40873080773608356, 952, 0.6334777930989571, 953, 0.32468216117844784, 954, 0.27251214117237516, 955, 0.27451853345955496, 956, 0.28148191911583953, 957, 0.3822881753064184, 958, 0.30234792881090705, 959, 0.2990360152661234, 960, 0.2457027183261828, 961, 0.1995880839815136, 962, 0.40413396003023855, 963, 0.2948755268591002, 964, 0.400033885186051, 965, 0.5467309764313539, 966, 0.37574958309670925, 967, 0.5115794733523901, 968, 0.22752127356699667, 969, 0.29367833083158695, 970, 0.44636443720396524, 971, 0.7340306208620565, 972, 0.7073636432711378, 973, 0.29951426843049245, 974, 0.24229067910673327, 975, 0.256604197520795, 976, 0.25042763796588074, 977, 0.3416776922312167, 978, 0.3055854905063217, 979, 0.2778823781111096, 980, 0.271999190894827, 981, 0.3079697819662413, 982, 0.27879027938709616, 983, 0.18814381253432835, 984, 0.38978350068590173, 985, 0.29188689804935064, 986, 0.21529529761934274, 987, 0.40038806688597905, 988, 0.3145723586536859, 989, 0.4234647288246079, 990, 0.28524463952247575, 991, 0.33048651063284495, 992, 1.0210888747787463, 993, 0.19672992125498914, 994, 0.2676317410935734, 995, 0.3245720348933739, 996, 0.16092710558162496, 997, 0.15361362354731747, 998, 0.21955908376382613, 999, 0.4388971444697965, 1000, 0.3350470035672144, 1001, 0.2692699923416001, 1002, 0.23064060753814355, 1003, 0.3449152961875082, 1004, 0.22322329996338072, 1005, 0.677004006592374, 1006, 0.3466895577196944, 1007, 0.21107105087657463, 1008, 0.3423622155217158, 1009, 0.32386432207419097, 1010, 0.37477919581963104, 1011, 0.2889025506397688, 1012, 0.20047450816042084, 1013, 0.2240301524505411, 1014, 0.2343673575638404, 1015, 0.3883227111277886, 1016, 0.2506327493487195, 1017, 0.41145643249591074, 1018, 0.2182623468504062, 1019, 0.2472342174522466, 1020, 0.277374997215911, 1021, 0.19067975428642298, 1022, 0.4781610924252403, 1023, 0.37171806898637727, 1024, 0.5219465888903212, 1025, 0.36853696898075744, 1026, 0.3045663092252719, 1027, 0.3037509372822244, 1028, 0.22485101326342904, 1029, 0.19981488628207356, 1030, 0.6192397332261742, 1031, 0.39298295234533, 1032, 0.43112287363483326, 1033, 0.32546542896125996, 1034, 0.24978520160086948, 1035, 0.2473545981670453, 1036, 0.23970279626320606, 1037, 0.46322497030081355, 1038, 0.3409508908851084, 1039, 0.2150038906291665, 1040, 0.17247165068860812, 1041, 0.26778755872796817, 1042, 0.345957066067278, 1043, 0.26290903790272246, 1044, 0.36802673217911397, 1045, 0.6467176472035886, 1046, 0.2985413278992027, 1047, 0.3407922763160531, 1048, 0.20896516498120776, 1049, 0.200442617849004, 1050, 0.1877607405410765, 1051, 0.2741475173405565, 1052, 0.28380253504968894, 1053, 0.2642418820425993, 1054, 0.20991465607378046, 1055, 0.6839985863325136, 1056, 0.45304389378382404, 1057, 0.2142368210798651, 1058, 0.3977349232777493, 1059, 0.25497726644725943, 1060, 0.3254405268406432, 1061, 0.30056667684510335, 1062, 0.22987798130218906, 1063, 0.4185838588014223, 1064, 0.12745642465022822, 1065, 0.35618691568907046, 1066, 0.22491895145695046, 1067, 0.27003206467346624, 1068, 0.22228283291090767, 1069, 0.45911363815698925, 1070, 0.3047471781396787, 1071, 0.25404196909521426, 1072, 0.21248968709637522, 1073, 0.23182941544154428, 1074, 0.23294547821110267, 1075, 0.28088771692000386, 1076, 0.36599297099114786, 1077, 0.3513656974177272, 1078, 0.3854630025253478, 1079, 0.6265024730546812, 1080, 0.28428194001691204, 1081, 0.2420332230323744, 1082, 0.5792166050971451, 1083, 0.14449392167742678, 1084, 0.3306601648480039, 1085, 0.3041158291984281, 1086, 0.2858520976248741, 1087, 0.4890666823234934, 1088, 0.3881701972538568, 1089, 0.37475074892616933, 1090, 0.20046480839996167, 1091, 0.25792969906237634, 1092, 0.37822139095871493, 1093, 0.32181650080497876, 1094, 0.5744148009483098, 1095, 0.4596254402939379, 1096, 0.4878111622485198, 1097, 0.25611059421076154, 1098, 0.2745947298711652, 1099, 0.2869365552416697, 1100, 0.16551019284177362, 1101, 0.19624745212863243, 1102, 0.5799221062594658, 1103, 0.2506808280875302, 1104, 0.2706365575630008, 1105, 0.7328462811059707, 1106, 0.3062523750827817, 1107, 0.4788187874142736, 1108, 0.26331790722840426, 1109, 0.47606970602156845, 1110, 0.2062854000502328, 1111, 0.23842742442417766, 1112, 0.24146633866268796, 1113, 0.1832010859097019, 1114, 0.8434327585239714, 1115, 0.16716197647284065, 1116, 0.8301657693754833, 1117, 0.3168700949176184, 1118, 0.2627782817362924, 1119, 0.35233688473384117, 1120, 0.15508859067802092, 1121, 0.40599000740857877, 1122, 0.35812254791690157, 1123, 0.2931299837205182, 1124, 0.3445939075344944, 1125, 0.2234866397562512, 1126, 0.2533102566008483, 1127, 1.1906531895689574, 1128, 0.3210301739092604, 1129, 0.191762693132841, 1130, 0.2637814144797538, 1131, 0.27585566086053553, 1132, 0.6927006852994637, 1133, 0.19992837525425952, 1134, 0.15428055380892586, 1135, 0.15216151461713553, 1136, 0.13683633653554453, 1137, 0.2202043783936492, 1138, 0.20183267582013112, 1139, 0.3027385511450381, 1140, 0.24508479084800838, 1141, 0.25337755450074356, 1142, 0.1889296627742282, 1143, 0.3915108662928206, 1144, 0.3046923765122009, 1145, 0.22454419890071103, 1146, 0.3101082093673881, 1147, 0.5489899966772237, 1148, 0.23074270414206455, 1149, 0.27235595788799677, 1150, 0.47695197762894703, 1151, 0.2726611667045367, 1152, 0.4649896345594748, 1153, 0.22956985081227851, 1154, 0.3012128063688035, 1155, 0.45984194073213874, 1156, 0.30921386484456087, 1157, 0.2595527752749978, 1158, 0.4064494665959313, 1159, 0.1770146674980559, 1160, 1.224051013052577, 1161, 0.47227804457913003, 1162, 0.21755583274690457, 1163, 0.29420895256512114, 1164, 0.443459750556663, 1165, 0.26445176083153377, 1166, 0.19814828870136872, 1167, 0.16821245087358366, 1168, 0.2707206302847224, 1169, 0.3107151922666327, 1170, 0.35579738950963213, 1171, 0.2758704007685713, 1172, 0.16467162056247855, 1173, 0.2823311484218625, 1174, 0.15590603637871234, 1175, 0.18529394139862435, 1176, 0.3130634197797256, 1177, 0.11761990222201897, 1178, 0.3699380618079892, 1179, 0.3251913615222878, 1180, 0.4571372637498242, 1181, 0.3644077971078579, 1182, 0.21239877822950112, 1183, 0.20298508094693132, 1184, 0.616425105769729, 1185, 0.23205899234415328, 1186, 0.2904556594050681, 1187, 0.28319163166755185, 1188, 0.6171854437517847, 1189, 0.38907110610107715, 1190, 0.26541848009551655, 1191, 0.23113625519334077, 1192, 0.24615102854867976, 1193, 0.44049719443022195, 1194, 0.16206717942800203, 1195, 0.746085850078568, 1196, 0.29262306369132374, 1197, 0.3215926307523066, 1198, 0.25670727043484437, 1199, 0.4737550682943681, 1200, 0.18239982804580876, 1201, 0.742050113883755, 1202, 0.2913760896661976, 1203, 0.34580478951362126, 1204, 0.3919481206691824, 1205, 0.3768373327163893, 1206, 0.2785781512562466, 1207, 0.4557507771765689, 1208, 0.20238727332292164, 1209, 0.2981452941564004, 1210, 0.355467431014069, 1211, 0.22448894809280293, 1212, 0.21418377128749383, 1213, 0.25203005759740615, 1214, 0.23866493191866214, 1215, 0.2737534204807738, 1216, 0.20392271202883883, 1217, 0.2842964484907341, 1218, 0.17196368951724758, 1219, 0.2227348301295273, 1220, 0.25110191131997733, 1221, 0.2102626687546084, 1222, 0.16504634820192532, 1223, 0.2964445052201186, 1224, 0.12452595029467287, 1225, 0.18977111169021618, 1226, 0.39085647392229866, 1227, 0.2752456158776605, 1228, 0.2490888163900801, 1229, 0.17234085614165937, 1230, 0.21860265207714064, 1231, 0.21652115347242928, 1232, 0.2845613365816426, 1233, 0.17838244481234025, 1234, 0.20705163581249938, 1235, 0.2745935044865176, 1236, 0.6466740820246812, 1237, 0.36620302923300546, 1238, 0.44863853941025345, 1239, 0.5161547895865979, 1240, 0.33813538880091076, 1241, 0.1725731876499986, 1242, 0.13821126165013295, 1243, 0.2860674756495636, 1244, 0.5063070514985104, 1245, 0.3746211591314882, 1246, 0.3757525108042685, 1247, 0.23901980374506734, 1248, 0.27752783989506796, 1249, 0.3918951337093333, 1250, 0.24487416447058044, 1251, 0.22631622371387677, 1252, 0.9058173293279492, 1253, 0.17800052274853337, 1254, 0.14766783706297995, 1255, 0.20168374730143368, 1256, 0.28313002345528565, 1257, 0.2578357460564717, 1258, 0.16033259723078516, 1259, 0.499696914930333, 1260, 0.2278943247063351, 1261, 0.22005553917283457, 1262, 0.19404439737507032, 1263, 0.27742582622356976, 1264, 0.2323112348237176, 1265, 0.2961683633260074, 1266, 0.27037568587825117, 1267, 0.16519361033683777, 1268, 0.4274659070322187, 1269, 0.1573352194596705, 1270, 0.24114443175701952, 1271, 0.6165554311869111, 1272, 0.3335076191373262, 1273, 0.5174148343925296, 1274, 0.35677314221029394, 1275, 0.36639498939942733, 1276, 0.17543478664453008, 1277, 0.312209229013202, 1278, 0.5934655754734595, 1279, 0.3500442106976353, 1280, 0.2937768150100078, 1281, 0.4495860417060442, 1282, 0.5062398493731961, 1283, 0.14331394831215177, 1284, 0.3783555338546875, 1285, 0.3939862884007251, 1286, 0.21969558977490167, 1287, 0.3061002158051913, 1288, 0.43008090096437196, 1289, 0.2383212108965509, 1290, 0.3256716786601153, 1291, 0.2496951410264993, 1292, 0.31222860970230165, 1293, 0.24003784825268018, 1294, 0.8964327937563162, 1295, 0.35031752269653454, 1296, 0.24995694363521004, 1297, 0.34785497554936096, 1298, 0.21165321733970885, 1299, 0.3526452459938651, 1300, 0.07691632584991413, 1301, 0.2549797734041543, 1302, 1.1617264283435473, 1303, 0.37821803310124047, 1304, 0.5331910505274712, 1305, 0.19224283740227346, 1306, 0.3003298127629742, 1307, 0.36178016412907077, 1308, 0.19645861384148772, 1309, 0.14535566680116913, 1310, 0.9007564002398933, 1311, 0.19379745001171447, 1312, 0.28875026343035065, 1313, 0.0877308741865841, 1314, 0.2680377095183115, 1315, 0.3017619631183367, 1316, 0.25108496287503057, 1317, 0.2634526137429829, 1318, 0.2877387303373171, 1319, 1.1271175541144984, 1320, 0.241279690860342, 1321, 0.3755985913813733, 1322, 0.3818923875927961, 1323, 0.4193630834488455, 1324, 0.24985544760667644, 1325, 0.18638826431979266, 1326, 0.206378778451304, 1327, 0.3343697313490434, 1328, 0.3981024774548779, 1329, 0.149314644766875, 1330, 0.2491192564957648, 1331, 0.18997305023411487, 1332, 0.3281216047031369, 1333, 0.5384501293683939, 1334, 0.5402538449339737, 1335, 0.22607472790924987, 1336, 0.3694515496553068, 1337, 0.2652705871337305, 1338, 0.22905231284579414, 1339, 0.30237555674057215, 1340, 0.13946291232524285, 1341, 0.16857563677756016, 1342, 0.4906244538732386, 1343, 0.2680166847679499, 1344, 0.671314721703664, 1345, 0.2195198180912574, 1346, 0.4435927040450002, 1347, 0.5795192086519705, 1348, 0.18203336488276872, 1349, 0.28951725817662183, 1350, 0.13880491760236666, 1351, 0.1794024884953353, 1352, 0.21858694889734415, 1353, 0.23742970014477127, 1354, 0.35914811368464644, 1355, 0.2525309258809793, 1356, 0.21154061660602344, 1357, 0.3118788159456124, 1358, 0.2700838160406874, 1359, 0.23192920680408757, 1360, 0.21960127178050837, 1361, 0.3561812290220494, 1362, 0.16936772133765407, 1363, 0.32310719421028206, 1364, 0.22570695794279672, 1365, 0.2799358182172586, 1366, 0.287281910646502, 1367, 0.14587323741804548, 1368, 0.31796915652393537, 1369, 0.23402476694099097, 1370, 0.2503142028465769, 1371, 0.33616338618474023, 1372, 0.442230813093986, 1373, 0.2470624581669965, 1374, 0.24557861749980545, 1375, 0.268992939463581, 1376, 0.2250050075782296, 1377, 0.2195282849294108, 1378, 0.21461782273573313, 1379, 0.23164532920421163, 1380, 0.3056100971844978, 1381, 0.6400491347217699, 1382, 0.6181297112327754, 1383, 0.25211878982934643, 1384, 0.3300223316971552, 1385, 0.23988232720257477, 1386, 0.4569030168048218, 1387, 0.18413068055233908, 1388, 0.2075134399683517, 1389, 0.22550656528493326, 1390, 0.31003666141800557, 1391, 0.1982245099392551, 1392, 0.34409829421470867, 1393, 0.3244599796777802, 1394, 0.19489701976067136, 1395, 0.17515302381474657, 1396, 0.24276110351159014, 1397, 0.31418932720337434, 1398, 0.14530763723508014, 1399, 0.26159724499082865, 1400, 0.2562996486097893, 1401, 0.47637397540411835, 1402, 0.20109566402687035, 1403, 0.5285700614446739, 1404, 0.1406483997427764, 1405, 0.28982606709070885, 1406, 0.17356454576194455, 1407, 0.2378103421704506, 1408, 0.3105491053043539, 1409, 0.21063737661094534, 1410, 0.30107014998554615, 1411, 0.5147220832526818, 1412, 0.3138650828361815, 1413, 0.19480180125904611, 1414, 0.17975471378772503, 1415, 0.1964723520482144, 1416, 0.25463849543097394, 1417, 0.2662046544644875, 1418, 0.1945754161069292, 1419, 0.2934826247835142, 1420, 0.6919146994809017, 1421, 0.43945732794811637, 1422, 0.4086780931964047, 1423, 0.2683877894809636, 1424, 0.2926506835531127, 1425, 0.2708476295282075, 1426, 0.20420344499938534, 1427, 0.4564954687220567, 1428, 0.17828480384896186, 1429, 0.2512916441511708, 1430, 0.2041637189999133, 1431, 0.2068485782739945, 1432, 0.30888453482286354, 1433, 0.24091507566526313, 1434, 0.21421943312329084, 1435, 0.46697018660275724, 1436, 0.6890415955605486, 1437, 0.14719462146361248, 1438, 0.157242464086207, 1439, 0.4551046476741745, 1440, 0.23381374165873847, 1441, 0.2889618892135753, 1442, 0.2870450153525285, 1443, 0.27530182564115757, 1444, 0.14051640986241135, 1445, 0.15203936077201485, 1446, 0.627794700883607, 1447, 0.3545799088416618, 1448, 0.8367159739003699, 1449, 0.21473068520545655, 1450, 0.26704939499874586, 1451, 0.41040141272241526, 1452, 0.17142300715321476, 1453, 0.33338324627094607, 1454, 0.3763195321819125, 1455, 0.7004982348422052, 1456, 0.20348903745880792, 1457, 0.18391538602904536, 1458, 0.26374989969556745, 1459, 0.32929747855294667, 1460, 0.21756346318814618, 1461, 0.27791716167742764, 1462, 0.461614689772388, 1463, 0.19350249850349208, 1464, 0.35135332550272863, 1465, 0.15567187030026927, 1466, 0.4991131473945034, 1467, 0.3281930898455265, 1468, 0.15134248392207095, 1469, 0.2700348558032484, 1470, 0.31690002859847594, 1471, 0.07459859305544746, 1472, 0.18626459026492748, 1473, 0.16790460287506365, 1474, 0.26803720689282196, 1475, 0.619181386961101, 1476, 0.07147726853676677, 1477, 0.21423645833192323, 1478, 0.240683316322242, 1479, 0.285318464351548, 1480, 0.36834253149322227, 1481, 0.19218711228050447, 1482, 0.266526682851811, 1483, 0.3760107222432237, 1484, 0.46687887907905806, 1485, 0.19666059186645138, 1486, 0.31291315983096346, 1487, 0.20331841565290365, 1488, 0.2620047481718921, 1489, 0.2466602141174352, 1490, 0.15600489885306607, 1491, 0.165570849122756, 1492, 0.31840141914598863, 1493, 0.34530258968364785, 1494, 0.23315022927078197, 1495, 0.13840099638843958, 1496, 0.29484173047534473, 1497, 0.29464075704715725, 1498, 0.18969456507940252, 1499, 0.1997262669800998, 1500, 0.7694560467465517, 1501, 0.4293269937155571, 1502, 0.18943009538828068, 1503, 0.25830506151973903, 1504, 0.2723205234721023, 1505, 0.2536191104107656, 1506, 0.27749607422102646, 1507, 0.353700380709791, 1508, 0.42388396832693886, 1509, 0.20239775067748925, 1510, 0.42035326398039236, 1511, 0.23999523745016535, 1512, 0.23946562326430854, 1513, 0.5766637175663464, 1514, 0.21807936292571026, 1515, 0.12767267794519607, 1516, 0.2852287750998857, 1517, 0.34249570030247706, 1518, 0.26270739109107577, 1519, 0.16681090834680148, 1520, 0.1681919126240932, 1521, 0.33876631181490746, 1522, 0.3965416526191462, 1523, 0.28174442383513243, 1524, 0.214799336063161, 1525, 0.3358009223420837, 1526, 0.29843657643703864, 1527, 0.25895068976193153, 1528, 0.16497334513790796, 1529, 0.22586483941247124, 1530, 0.21354835083351753, 1531, 0.4441178365729847, 1532, 0.1864091212169171, 1533, 0.35027496167219874, 1534, 0.34198225118126024, 1535, 0.288549794651203, 1536, 0.2218230059446946, 1537, 0.07567758932511476, 1538, 0.4715144863526883, 1539, 0.503768950630896, 1540, 0.26377917323966377, 1541, 0.39822199468005387, 1542, 0.15955214656690048, 1543, 0.38406059913298496, 1544, 0.15641943987035892, 1545, 0.115325400070214, 1546, 0.26461796282949285, 1547, 0.1604271230037299, 1548, 0.23334489376785159, 1549, 0.2117598701882881, 1550, 0.14599406660835226, 1551, 0.24915372417744736, 1552, 0.30184822914619414, 1553, 0.20223296594142695, 1554, 0.2625523456584557, 1555, 0.30503602612584474, 1556, 0.0886295024078431, 1557, 0.15592349891225868, 1558, 0.15282257312021155, 1559, 0.18955197372655672, 1560, 0.5316872524474223, 1561, 0.28527302853468073, 1562, 0.3896073653509389, 1563, 0.9618878364909076, 1564, 0.8135741848798033, 1565, 0.1177133413593636, 1566, 0.14711406450986245, 1567, 0.20548445813954072, 1568, 0.15092225043543803, 1569, 0.1413734842216168, 1570, 0.3253658589318314, 1571, 0.1666707138430286, 1572, 0.29642072660441693, 1573, 0.23776554750990928, 1574, 0.28521352672834677, 1575, 0.4011836301683673, 1576, 0.35579747800057215, 1577, 0.24781091835085542, 1578, 0.30455793105691203, 1579, 0.14215084565326713, 1580, 0.20254993496615473, 1581, 0.3177552394898858, 1582, 0.17250885159009824, 1583, 0.34474284631778335, 1584, 0.2534252648191663, 1585, 0.23737978035855914, 1586, 0.1408469449747028, 1587, 0.11480997138450993, 1588, 0.22841498350157294, 1589, 0.22951687430688608, 1590, 0.20900634454862208, 1591, 0.22100380282271537, 1592, 0.32244397934415886, 1593, 0.13334969416577586, 1594, 0.4527276296516111, 1595, 0.11251264417741699, 1596, 0.6548549346704036, 1597, 0.18647485820291984, 1598, 0.2574057486581415, 1599, 0.21605728179252606, 1600, 0.4278323329700799, 1601, 0.23314266791495294, 1602, 0.1803596583869923, 1603, 0.2226609366216887, 1604, 0.6244520667444928, 1605, 0.260229291395985, 1606, 0.2355982302289305, 1607, 0.16618202055720607, 1608, 0.20632940947732073, 1609, 0.1872825693052012, 1610, 0.28018028465415057, 1611, 0.2505120412229361, 1612, 0.1699649888478153, 1613, 0.3039903907865096, 1614, 0.27202581275717813, 1615, 0.5199009869579284, 1616, 0.1676661975648936, 1617, 0.17397666422642669, 1618, 0.4888484736968714, 1619, 0.9446074067255902, 1620, 0.11971164945412402, 1621, 0.41404128215534347, 1622, 0.1603324376294769, 1623, 0.11363110398776291, 1624, 0.3779219574943214, 1625, 0.3996714328124774, 1626, 0.6508146661491251, 1627, 0.3787871844685933, 1628, 0.2834396869764676, 1629, 0.19638891229217734, 1630, 0.4404249606796782, 1631, 0.2201017883222101, 1632, 0.14261740091828173, 1633, 0.2565405825348505, 1634, 0.2617279205531131, 1635, 0.23428500051002274, 1636, 0.30753055991657174, 1637, 0.20003352825492324, 1638, 0.2522387931429716, 1639, 0.14880721710531872, 1640, 1.3055313542905533, 1641, 0.1828626702570504, 1642, 0.42546799616114606, 1643, 0.22214605523852668, 1644, 0.2911389084965565, 1645, 0.191341142461153, 1646, 0.6870705282516766, 1647, 0.18927823709925, 1648, 0.18429854328639403, 1649, 0.531445699577623, 1650, 0.43994810085267017, 1651, 0.4142398682747937, 1652, 0.18556986597307026, 1653, 0.22950217784212393, 1654, 0.15217287285719414, 1655, 0.3754474838441672, 1656, 0.23644471845161733, 1657, 0.6518288352971446, 1658, 0.27113919224520183, 1659, 0.1763938630178755, 1660, 0.255364690389692, 1661, 0.15303495827951752, 1662, 0.2798146670929762, 1663, 0.2865273651397588, 1664, 0.766033582692355, 1665, 0.26538995077280864, 1666, 0.23518848059458775, 1667, 0.35742157089425947, 1668, 0.23293668094747932, 1669, 0.09655718613761873, 1670, 0.15498908288705165, 1671, 0.3221382975074928, 1672, 0.19302802187433568, 1673, 0.19084580701505663, 1674, 0.12086701942444739, 1675, 0.4411652093419757, 1676, 0.12073061608383794, 1677, 0.20990313917898148, 1678, 0.19310967939384552, 1679, 0.1843769849827005, 1680, 0.17971272005647235, 1681, 0.3308347093525201, 1682, 0.7651325498234679, 1683, 0.21725882618758546, 1684, 0.22047110397046193, 1685, 0.19053590015717414, 1686, 0.22404884179067397, 1687, 0.14592876714889275, 1688, 0.24732283918667075, 1689, 0.18198724791955326, 1690, 0.1343049139105471, 1691, 0.1771174894475496, 1692, 0.22302373543109227, 1693, 0.2799846816175503, 1694, 0.23037107756220834, 1695, 0.2668744162697276, 1696, 0.2620394862960543, 1697, 0.0618451847110947, 1698, 0.25799178569058623, 1699, 0.31390831783522766, 1700, 0.29225215044502223, 1701, 0.2438207231092644, 1702, 0.13751329239541776, 1703, 0.25332927919885223, 1704, 0.1681455036253641, 1705, 0.1621632698063187, 1706, 0.25497585218981544, 1707, 0.5644784171736459, 1708, 0.1723167952306452, 1709, 0.11423470410230781, 1710, 0.3486661207869966, 1711, 0.47606731811630526, 1712, 0.3189144518085952, 1713, 0.5204867720999204, 1714, 0.25043021329187276, 1715, 0.31716895119462063, 1716, 0.45867673085961597, 1717, 0.48260437978913634, 1718, 0.22963438803533626, 1719, 0.2792760558859069, 1720, 0.17247140515429935, 1721, 0.1360305950375612, 1722, 0.31603536675883337, 1723, 0.41174435934632914, 1724, 0.1838412752137102, 1725, 0.26090361815180035, 1726, 0.240337620430451, 1727, 0.2960751272438729, 1728, 1.178462175096327, 1729, 0.2513009030922487, 1730, 0.23839719725275374, 1731, 0.309275335178543, 1732, 0.20324594570904483, 1733, 0.22928720711387077, 1734, 0.48743987987472565, 1735, 0.24130162627833412, 1736, 0.12095219340243042, 1737, 0.1352526133173249, 1738, 0.1920330970985273, 1739, 0.5106171677668117, 1740, 0.23653129017043562, 1741, 0.11592361566960913, 1742, 0.20676250238713875, 1743, 0.29313018634941906, 1744, 0.2730913428175031, 1745, 0.27565618194433134, 1746, 0.21346467396387986, 1747, 0.14977449655677777, 1748, 0.213737292297311, 1749, 0.31139609560698295, 1750, 0.515607399421514, 1751, 0.20730416995261686, 1752, 0.2242904381612446, 1753, 0.23167001008307456, 1754, 0.17006258948534664, 1755, 0.24345239399989296, 1756, 0.5070200281002898, 1757, 0.3488766926838847, 1758, 0.1877873100024164, 1759, 0.23778617665540022, 1760, 0.20026798026178813, 1761, 0.1946397880754759, 1762, 0.16228640178215473, 1763, 0.8366399200339479, 1764, 0.23564857618733112, 1765, 0.3210568376299932, 1766, 0.20084853291846938, 1767, 0.12831090299798134, 1768, 0.22984825412319884, 1769, 0.25292739817372256, 1770, 0.3113487559671964, 1771, 0.2114180018551864, 1772, 0.25945693823674676, 1773, 0.2968796818223315, 1774, 0.3030764720584079, 1775, 0.2403181938424475, 1776, 0.14826583116009634, 1777, 0.21292263641329712, 1778, 0.3145153652867361, 1779, 0.1900483307969708, 1780, 0.3006437065460219, 1781, 0.23421915596861456, 1782, 0.5564801383422068, 1783, 0.3102932869398083, 1784, 0.2570832293549896, 1785, 0.2204467111335693, 1786, 0.48989391510050206, 1787, 0.3021755437916918, 1788, 0.22465288667756772, 1789, 0.25764630687260476, 1790, 0.3111917171058944, 1791, 0.2606844278370573, 1792, 0.25002519729523337, 1793, 0.265331882019972, 1794, 0.2033114358823665, 1795, 0.16643020256813162, 1796, 0.2221621938037689, 1797, 0.3299334982578713, 1798, 0.28271081176334506, 1799, 0.13790215433679542, 1800, 0.17501901144754944, 1801, 0.20151176891786463, 1802, 0.1779205777513595, 1803, 0.18928741858277054, 1804, 0.19276002036017312, 1805, 0.28070112870236935, 1806, 0.281231751216277, 1807, 0.21501188638955337, 1808, 0.17647120220234272, 1809, 0.3104157023734506, 1810, 0.1535708904511708, 1811, 0.25302164664519083, 1812, 0.27663957021179747, 1813, 0.6323887401256528, 1814, 0.2002898475625529, 1815, 0.22301042569347207, 1816, 0.39027321912886065, 1817, 0.16377822196751488, 1818, 0.24986586306028435, 1819, 0.3250437054108978, 1820, 0.2630553540560001, 1821, 0.19834331629872595, 1822, 0.46551192827813576, 1823, 0.20155913625047417, 1824, 0.17838471125998293, 1825, 0.8209359518934259, 1826, 0.10421107572240217, 1827, 0.14886125988402263, 1828, 0.21748296389113417, 1829, 0.23872861474156284, 1830, 0.2085528181270174, 1831, 0.09195665260054767, 1832, 0.16481184763881065, 1833, 0.1522856135964839, 1834, 0.15532739756263378, 1835, 0.3243875319859955, 1836, 0.14226813096996116, 1837, 0.30862809617914844, 1838, 0.20735967132374675, 1839, 0.1765601824269752, 1840, 0.16717376040833448, 1841, 0.14832051158850498, 1842, 0.2902174524247104, 1843, 0.24847895940665596, 1844, 0.06381802713947056, 1845, 0.21380506807450292, 1846, 0.24058369588544098, 1847, 0.46131094081866525, 1848, 0.18455350552200417, 1849, 0.41619526851128585, 1850, 0.2234384770678584, 1851, 0.3841420573694825, 1852, 0.39812365627844454, 1853, 0.1441980926143426, 1854, 0.3843286635935525, 1855, 0.36253575604366267, 1856, 0.27703811669335077, 1857, 0.47010518179262967, 1858, 0.2051211278114696, 1859, 0.22990271548449243, 1860, 0.25125665392828933, 1861, 0.70008502302119, 1862, 0.3463108025219204, 1863, 0.2509587473020709, 1864, 0.18785460573585736, 1865, 0.2670483824826089, 1866, 0.21718763007073796, 1867, 0.42921984868974944, 1868, 0.11581323543165493, 1869, 0.24955355541694554, 1870, 0.23444460505452291, 1871, 0.2633457064173495, 1872, 0.2556157548173108, 1873, 0.12491542594901214, 1874, 0.19288184936916344, 1875, 0.3589068600542257, 1876, 0.15221919494541905, 1877, 0.41557711821073, 1878, 0.23902069289314024, 1879, 0.2738225742848483, 1880, 0.595768579751437, 1881, 0.39153263131113697, 1882, 0.21051509019126272, 1883, 0.19057173017942827, 1884, 0.16102550169527546, 1885, 0.23676116304776587, 1886, 0.7407682676026316, 1887, 0.23114286550742286, 1888, 0.30857009500579596, 1889, 0.1522860773815158, 1890, 0.2245158201654232, 1891, 0.2721301485377821, 1892, 0.31743208822904356, 1893, 0.2795155626879287, 1894, 0.35099314906141055, 1895, 0.17238918898532882, 1896, 0.11408255033540593, 1897, 0.13199053500503363, 1898, 0.316752757281669, 1899, 0.8824547649829438, 1900, 0.24538521451518092, 1901, 0.2668248980826646, 1902, 0.16320132751204214, 1903, 0.27977156787302526, 1904, 1.0177688296831469, 1905, 0.28295191795929336, 1906, 0.20277354584018562, 1907, 0.10992631980383422, 1908, 0.3374096642962941, 1909, 0.8415238245734972, 1910, 0.1513528173829701, 1911, 0.27039082943586845, 1912, 0.248712531236024, 1913, 0.31172769203688805, 1914, 0.21260065782883994, 1915, 0.18252981517302994, 1916, 0.27253618555299186, 1917, 0.1707496087071757, 1918, 0.2587821367083743, 1919, 0.38974907425450156, 1920, 0.20627236771400556, 1921, 0.33042908283690625, 1922, 0.37295893479788556, 1923, 0.2193367838311064, 1924, 0.46037609487801834, 1925, 0.27882037811894506, 1926, 0.28424409455231653, 1927, 0.1861298070557537, 1928, 0.17804491311513307, 1929, 0.1641298130567074, 1930, 0.21430996740857913, 1931, 0.4338803796134864, 1932, 0.22706518543092005, 1933, 0.3943877324260278, 1934, 0.14205550097894376, 1935, 0.39408177454207555, 1936, 0.38830258700021336, 1937, 0.1538955861697953, 1938, 0.831607760390818, 1939, 0.20542757308817297, 1940, 0.1738010851973844, 1941, 0.21431688914102626, 1942, 0.7166017481521165, 1943, 0.3134125968152828, 1944, 0.2380739586446165, 1945, 0.5995844171228347, 1946, 0.3218340345054359, 1947, 0.21617189642481235, 1948, 0.6347182826874783, 1949, 0.2134107745601508, 1950, 0.17904966474011524, 1951, 0.21472137741379335, 1952, 0.25711489760271866, 1953, 0.20837717651072168, 1954, 0.15611714921793218, 1955, 0.21281586117713175, 1956, 0.28839536295718265, 1957, 0.18691607397238455, 1958, 0.30894624895705197, 1959, 0.2269762368708653, 1960, 0.06919859198505406, 1961, 0.3891972040433008, 1962, 0.22238082708482854, 1963, 0.33581096958061696, 1964, 0.3282485896791692, 1965, 0.1829864107950046, 1966, 0.33647256337315806, 1967, 0.7686993590484535, 1968, 0.25482048742818014, 1969, 0.16380036846732884, 1970, 0.21819387287856795, 1971, 0.27418967037192116, 1972, 0.14472384224236048, 1973, 0.5246303844283032, 1974, 0.11447228399901137, 1975, 0.18949035022544597, 1976, 0.14726441505553148, 1977, 0.17116182755619722, 1978, 0.28921398948169613, 1979, 0.253457241115115, 1980, 0.5006904511268255, 1981, 0.41256899757612836, 1982, 0.15704966881440127, 1983, 0.23683815488950266, 1984, 0.2993690086757152, 1985, 0.3414359452419388, 1986, 0.27258700709795153, 1987, 0.1358241986605623, 1988, 0.2351415023807832, 1989, 0.2645174983442521, 1990, 0.3272250222759699, 1991, 0.1530524677984455, 1992, 0.3663804987611036, 1993, 0.18990526315592676, 1994, 0.38456188798330077, 1995, 0.31284444740459333, 1996, 0.3809380596389361, 1997, 0.16806825336346484, 1998, 0.14666966722451683, 1999, 0.22357298694942945, 2000, 0.1370216977218401]
