COMMENT:
run 25: run 24 and 23 with 2000 and 3000 epochs resp have failed due to ???, returning to the last best hyperparams - 1000 epochs, lr 1e-05, bs tr 30, bce, adam
=================MODEL=================
NeuralNetwork(
  (neural_stack): Sequential(
    (0): Linear(in_features=8575, out_features=2048, bias=True)
    (1): LeakyReLU(negative_slope=0.01)
    (2): Linear(in_features=2048, out_features=1024, bias=True)
    (3): LeakyReLU(negative_slope=0.01)
    (4): Linear(in_features=1024, out_features=512, bias=True)
    (5): LeakyReLU(negative_slope=0.01)
    (6): Linear(in_features=512, out_features=256, bias=True)
    (7): LeakyReLU(negative_slope=0.01)
    (8): Linear(in_features=256, out_features=128, bias=True)
    (9): LeakyReLU(negative_slope=0.01)
    (10): Linear(in_features=128, out_features=50, bias=True)
    (11): LeakyReLU(negative_slope=0.01)
    (12): Linear(in_features=50, out_features=30, bias=True)
    (13): LeakyReLU(negative_slope=0.01)
    (14): Linear(in_features=30, out_features=5, bias=True)
    (15): LeakyReLU(negative_slope=0.01)
    (16): Linear(in_features=5, out_features=1, bias=True)
    (17): Sigmoid()
  )
)
================OPTIMIZER================
Adam (
Parameter Group 0
    amsgrad: False
    betas: (0.9, 0.999)
    capturable: False
    decoupled_weight_decay: False
    differentiable: False
    eps: 1e-08
    foreach: None
    fused: None
    lr: 1e-05
    maximize: False
    weight_decay: 0
)
================LOSS FUNC================
BCELoss()
================LOSSES================
[1, 0.8391283227641021, 2, 0.6917959236686279, 3, 0.6926426913529408, 4, 0.693932190118789, 5, 0.6931791705686507, 6, 0.6938623362285735, 7, 0.6946893036785021, 8, 0.6692725175745383, 9, 0.6849123606987007, 10, 0.6957385748258533, 11, 0.6981093243051765, 12, 0.6942252933998598, 13, 0.6960032452581089, 14, 0.6951187012797232, 15, 0.6960984280288716, 16, 0.6832321433302233, 17, 0.7040296750262702, 18, 0.6895255632453365, 19, 0.6920570997951272, 20, 0.6944244994635523, 21, 0.6950079871562178, 22, 0.6947715578664265, 23, 0.6947381872705988, 24, 0.6908793594610529, 25, 0.696886739809671, 26, 0.6685966703874847, 27, 0.6916535180314815, 28, 0.6928882207306799, 29, 0.6924491471203282, 30, 0.6960091855743968, 31, 0.6925952516514402, 32, 0.6693602024873677, 33, 0.6922661100532886, 34, 0.692601331543168, 35, 0.6917578768294835, 36, 0.6988760952833394, 37, 0.6919727482769493, 38, 0.6879978833064674, 39, 0.696060687380345, 40, 0.6909623975790545, 41, 0.6926009496018415, 42, 0.693746591320114, 43, 0.6936494463098716, 44, 0.6856978283622303, 45, 0.6944621401797382, 46, 0.6954219387480595, 47, 0.6951468531846973, 48, 0.6920111338392515, 49, 0.6949066372868624, 50, 0.6908071414445343, 51, 0.6925212047116038, 52, 0.6938686264258483, 53, 0.6916886893371771, 54, 0.6919216766462728, 55, 0.6936419143730144, 56, 0.6698556224512263, 57, 0.6937739392499663, 58, 0.6943876820315378, 59, 0.6938016608829684, 60, 0.6934232732876274, 61, 0.6930992024702928, 62, 0.6927438966746451, 63, 0.6929799385631656, 64, 0.6932403008919252, 65, 0.692609180046737, 66, 0.6920697410482819, 67, 0.6925414694364337, 68, 0.6933198025387293, 69, 0.6909526154619482, 70, 0.6929900581039595, 71, 0.6932009954970653, 72, 0.6930763178540011, 73, 0.6932218508693622, 74, 0.6930774738943839, 75, 0.6876545606523028, 76, 0.6925736383646867, 77, 0.6948738836635097, 78, 0.6940383832947492, 79, 0.6842119557012869, 80, 0.6969877348098777, 81, 0.6921563071640388, 82, 0.6931389856002943, 83, 0.6944973145981478, 84, 0.6977134605091813, 85, 0.6919868491711848, 86, 0.666583498394521, 87, 0.689165891982394, 88, 0.6909656301826815, 89, 0.693970578028816, 90, 0.6668835815521091, 91, 0.6915948532809171, 92, 0.6950286306529373, 93, 0.6881698297877875, 94, 0.6969333130179083, 95, 0.6921588121848371, 96, 0.7006441656302509, 97, 0.685165934906129, 98, 0.6920647854954726, 99, 0.6984643073358886, 100, 0.6929594765458174, 101, 0.6725014558740237, 102, 0.6968378268577328, 103, 0.6955962414540785, 104, 0.693811498546293, 105, 0.6945799230082407, 106, 0.6933553265115073, 107, 0.691816926002384, 108, 0.6967066772338609, 109, 0.6990018540464059, 110, 0.7005613148160297, 111, 0.6923824860623035, 112, 0.6970225712663107, 113, 0.6998980135269708, 114, 0.6884509691606415, 115, 0.6996266845348414, 116, 0.691915104969923, 117, 0.6964967478462339, 118, 0.6743232256457028, 119, 0.6920425264142884, 120, 0.6887504211015046, 121, 0.6645516351720765, 122, 0.6953028115978042, 123, 0.6943506246432009, 124, 0.6931147210575627, 125, 0.693135780952976, 126, 0.6931397387248585, 127, 0.694043337891499, 128, 0.6930339107815594, 129, 0.6927723578966644, 130, 0.6931198459869801, 131, 0.6918433923977336, 132, 0.6930762914402994, 133, 0.6926510401951577, 134, 0.6964341254077978, 135, 0.6676793167914091, 136, 0.693005036854673, 137, 0.6931381000877934, 138, 0.6948700260915018, 139, 0.6915062798534944, 140, 0.690794119338195, 141, 0.6946534696724688, 142, 0.6933516447586643, 143, 0.6926550579385373, 144, 0.6940805737975627, 145, 0.6941291577345278, 146, 0.6933946524887715, 147, 0.6930489574675089, 148, 0.694032995609467, 149, 0.6736305802402375, 150, 0.6940332959605215, 151, 0.6928398763379536, 152, 0.6940194404384239, 153, 0.6915207484236461, 154, 0.6920502065345052, 155, 0.691195619963625, 156, 0.7128935793096086, 157, 0.689379778853629, 158, 0.6961044449785676, 159, 0.6932433074109523, 160, 0.695276392222589, 161, 0.6915654835022451, 162, 0.69307822075165, 163, 0.6922406016053848, 164, 0.6931225249114843, 165, 0.6694157929844292, 166, 0.6929364458433046, 167, 0.6699596397942617, 168, 0.6929230074607968, 169, 0.693285152953906, 170, 0.6905881548937203, 171, 0.6942596897099265, 172, 0.6916639684042335, 173, 0.6920869928574952, 174, 0.668979271893889, 175, 0.6931485664128582, 176, 0.694786077375128, 177, 0.6704598855242527, 178, 0.6928572110624066, 179, 0.6931003989872856, 180, 0.6923616015557336, 181, 0.6913848862533647, 182, 0.6933591170575397, 183, 0.6917952415962519, 184, 0.6930632381004991, 185, 0.6928801109456384, 186, 0.6689554213849664, 187, 0.6931267080345395, 188, 0.6932097120174556, 189, 0.6927289520315016, 190, 0.6901993712897649, 191, 0.6957387098722767, 192, 0.6913946800109829, 193, 0.6926661542733054, 194, 0.6911544323905051, 195, 0.694663040379925, 196, 0.6929738398654559, 197, 0.6932776391037005, 198, 0.6934093676427835, 199, 0.6937673295763598, 200, 0.6939002066433182, 201, 0.6931079963577641, 202, 0.6930599209066971, 203, 0.6927558616039016, 204, 0.6682642888106016, 205, 0.6941532746493095, 206, 0.6933375231990806, 207, 0.6969951301374034, 208, 0.7048348511884889, 209, 0.6913678484837275, 210, 0.6735796097268228, 211, 0.689983449350687, 212, 0.6894598376161396, 213, 0.6958423583795056, 214, 0.6878063597220467, 215, 0.6669623132000624, 216, 0.6998876502146814, 217, 0.6957904842341313, 218, 0.687695124142439, 219, 0.6924482024686124, 220, 0.6914177869668504, 221, 0.6696278863279795, 222, 0.6932061399570294, 223, 0.6930379851559579, 224, 0.6673409477541646, 225, 0.6566219639806732, 226, 0.6883535213238381, 227, 0.6929522734448459, 228, 0.6960731227790975, 229, 0.691758125131646, 230, 0.6928703482139237, 231, 0.6718565649023172, 232, 0.6928495495606178, 233, 0.6920551862861773, 234, 0.693241052892105, 235, 0.6939467659096205, 236, 0.6931959823716263, 237, 0.6928998710485865, 238, 0.6892878764555103, 239, 0.689252331058182, 240, 0.6966223443603953, 241, 0.6929202995296215, 242, 0.6937650021113294, 243, 0.6944539879723003, 244, 0.6931880512353292, 245, 0.6443205208228107, 246, 0.6936649442204652, 247, 0.6931154479345787, 248, 0.6929092553554085, 249, 0.6942026346181895, 250, 0.6929046242479985, 251, 0.6695755537861785, 252, 0.6696408583291081, 253, 0.6958366263627043, 254, 0.6939247222870117, 255, 0.6910568468549338, 256, 0.6965988913691594, 257, 0.6930380821982705, 258, 0.6930119123603866, 259, 0.69328037590002, 260, 0.6839460939284695, 261, 0.6869300572262358, 262, 0.6939855415735626, 263, 0.6917557661662745, 264, 0.6904736385376538, 265, 0.6840343212233667, 266, 0.6887488824315571, 267, 0.6915940948924134, 268, 0.693839848274327, 269, 0.6913249389691394, 270, 0.6913587273303609, 271, 0.6927145899916289, 272, 0.6956965265124009, 273, 0.6931114890972759, 274, 0.6910747779765423, 275, 0.6890314906692652, 276, 0.6939525371411401, 277, 0.6963492288822947, 278, 0.6929530096658513, 279, 0.6949743820453954, 280, 0.6929815730643364, 281, 0.6952371699979509, 282, 0.6922764121164899, 283, 0.6930272500167798, 284, 0.6931666847063749, 285, 0.6932637308857102, 286, 0.6784057084620707, 287, 0.7239318977330029, 288, 0.7104605164487146, 289, 0.6784899969091572, 290, 0.7020192273807304, 291, 0.683593998829325, 292, 0.6933128703955248, 293, 0.7004295254921569, 294, 0.6974233783937269, 295, 0.6962804461340014, 296, 0.705504448879657, 297, 0.6893891311432121, 298, 0.6921538883881285, 299, 0.6920416215297586, 300, 0.6914985661314416, 301, 0.6931764525938409, 302, 0.691434385890165, 303, 0.6987090962310211, 304, 0.6863022916216086, 305, 0.6935216925706046, 306, 0.6930940555846926, 307, 0.6915248197724716, 308, 0.6931783983492085, 309, 0.6928883104266457, 310, 0.6935391161196773, 311, 0.6929818248282736, 312, 0.6922993476992242, 313, 0.6930902900379013, 314, 0.6901552454478911, 315, 0.692925068676754, 316, 0.6928035871234168, 317, 0.6935680646670096, 318, 0.6919729724108031, 319, 0.6932014519430659, 320, 0.691714016735826, 321, 0.6924489468572451, 322, 0.6936490504661741, 323, 0.6910186184216921, 324, 0.6935771080251337, 325, 0.6895562073211441, 326, 0.6872413568561307, 327, 0.6948965593912337, 328, 0.6913396112875849, 329, 0.6985881881855592, 330, 0.6958198457150045, 331, 0.6952303096815718, 332, 0.6916501186545454, 333, 0.6769751731169489, 334, 0.6679241829285085, 335, 0.6912976570604511, 336, 0.6998352326714377, 337, 0.6940830426545801, 338, 0.6933139716706934, 339, 0.6926580275118527, 340, 0.6929433436336662, 341, 0.6736665606272576, 342, 0.6970634694693364, 343, 0.7001119715961232, 344, 0.701677586389944, 345, 0.6868188028921457, 346, 0.6924255724713325, 347, 0.6929942819231523, 348, 0.6930775401176262, 349, 0.6914210652727121, 350, 0.6937398218060219, 351, 0.6919561224727595, 352, 0.6925519285492024, 353, 0.692655986384669, 354, 0.693360202423584, 355, 0.6924110720887875, 356, 0.6808686524833409, 357, 0.6704196262179111, 358, 0.6927042962680238, 359, 0.6899890244940905, 360, 0.6931565069869798, 361, 0.6940175944579782, 362, 0.6944120892941673, 363, 0.6932263120420565, 364, 0.6923340051166658, 365, 0.6924414312029551, 366, 0.6926576071714978, 367, 0.6932718457201497, 368, 0.6921082426762053, 369, 0.6933744120272263, 370, 0.692895035874939, 371, 0.6924047275458419, 372, 0.6929272582255949, 373, 0.6946977126566803, 374, 0.6784280127306226, 375, 0.6994457566666513, 376, 0.6957715363697645, 377, 0.6956404173390752, 378, 0.6690402573223795, 379, 0.6899318017956929, 380, 0.695239077407098, 381, 0.678248731599967, 382, 0.6866718548486171, 383, 0.6926245941212572, 384, 0.6930472456516296, 385, 0.693244855045483, 386, 0.6934654822317321, 387, 0.6935432070005694, 388, 0.6942098453031141, 389, 0.6929073639506222, 390, 0.6917530630481128, 391, 0.6936100541586467, 392, 0.6927063227238892, 393, 0.6927627014980218, 394, 0.6935643581142558, 395, 0.6708285562444397, 396, 0.6917997831915385, 397, 0.6666327564113892, 398, 0.6944361339764419, 399, 0.6791929326842284, 400, 0.6847148828415135, 401, 0.6929376642987627, 402, 0.6947696569973156, 403, 0.6891099003811261, 404, 0.6463403193594084, 405, 0.6920979559432394, 406, 0.6754567747055299, 407, 0.6931659446490319, 408, 0.6887015257956999, 409, 0.6758491092425475, 410, 0.6927692197733715, 411, 0.6939437861054849, 412, 0.6930122921846047, 413, 0.6720842095522264, 414, 0.6937196156270425, 415, 0.693081321885405, 416, 0.6673600256090111, 417, 0.6927161360570265, 418, 0.6783002492720072, 419, 0.6912995918515453, 420, 0.6921367764309303, 421, 0.6927690287831136, 422, 0.6980774037807229, 423, 0.6939992305480163, 424, 0.6915959471848029, 425, 0.692625393587255, 426, 0.692838889692074, 427, 0.6929093078684647, 428, 0.6912351474352629, 429, 0.6917315388222737, 430, 0.6948011706777942, 431, 0.6871745114698015, 432, 0.6934029834134924, 433, 0.6706273192578724, 434, 0.6918604307880886, 435, 0.692621709734932, 436, 0.7120002654029136, 437, 0.6689179954697068, 438, 0.6914249151930483, 439, 0.6934446484081549, 440, 0.6914079167649994, 441, 0.694930839922217, 442, 0.6666413032813394, 443, 0.6949160668791623, 444, 0.6885503759804353, 445, 0.6942984446783451, 446, 0.7175079982634054, 447, 0.6870055630061318, 448, 0.6918726870739891, 449, 0.6936217758482516, 450, 0.6939254668814236, 451, 0.6922685121451657, 452, 0.6927439467269046, 453, 0.6923508309460487, 454, 0.6922103861051533, 455, 0.6932084815173863, 456, 0.6865186431534974, 457, 0.6958345901679394, 458, 0.7091183493942474, 459, 0.6935083219355321, 460, 0.6979829608259137, 461, 0.6933280954977484, 462, 0.6969661457423217, 463, 0.692203310362927, 464, 0.6560626126049436, 465, 0.6918535034037454, 466, 0.6947184182236635, 467, 0.691812913208983, 468, 0.6919040671300133, 469, 0.690380315506527, 470, 0.692978816106469, 471, 0.6907362492749058, 472, 0.6917805553400842, 473, 0.6900937568324123, 474, 0.6932677855832404, 475, 0.6623867343534204, 476, 0.7131244223880537, 477, 0.6931767779353472, 478, 0.6903262978587471, 479, 0.691151487683123, 480, 0.6903075551072221, 481, 0.6947780157106572, 482, 0.6929092687273933, 483, 0.6910465960025203, 484, 0.6935669746245287, 485, 0.691805398079956, 486, 0.6940683911100557, 487, 0.692101767137948, 488, 0.6874905087980588, 489, 0.6924295682286509, 490, 0.6920781473578553, 491, 0.684410370370424, 492, 0.6919031522357887, 493, 0.6938340291579846, 494, 0.6927142446624031, 495, 0.6946710982613329, 496, 0.6900402763480803, 497, 0.6942941519283963, 498, 0.6913893315845548, 499, 0.7072445352343862, 500, 0.6706550377302349, 501, 0.684585870691661, 502, 0.6948647473654596, 503, 0.7001568669908304, 504, 0.6919491377967371, 505, 0.6935522904738235, 506, 0.6903859947576542, 507, 0.6931729366546512, 508, 0.6927526289872447, 509, 0.6924970123772912, 510, 0.6919945603819346, 511, 0.6886428985808597, 512, 0.6942171042206008, 513, 0.6929964650267202, 514, 0.6912221568895018, 515, 0.6980489125222616, 516, 0.6914060760213718, 517, 0.668352408863031, 518, 0.6909645690529064, 519, 0.6836595184151463, 520, 0.6890544640928912, 521, 0.6890895400197935, 522, 0.6939739316155619, 523, 0.6676285928814065, 524, 0.670544319666849, 525, 0.6912457102495538, 526, 0.6676916237093955, 527, 0.6923131087582242, 528, 0.6944935931330816, 529, 0.6832287783973073, 530, 0.6874909200233605, 531, 0.6915574414574278, 532, 0.6816728556766968, 533, 0.6771276399183658, 534, 0.6901080089292273, 535, 0.6931728666350367, 536, 0.69532342799055, 537, 0.6952791404841875, 538, 0.6933485541095971, 539, 0.6865202951602798, 540, 0.689749106303458, 541, 0.6931220830634992, 542, 0.6915690833518784, 543, 0.6915420342452966, 544, 0.6915735704773823, 545, 0.7045143557452744, 546, 0.6905503070273241, 547, 0.6949261915465171, 548, 0.6612496816476692, 549, 0.6894360950342472, 550, 0.6918002260978892, 551, 0.677979082120031, 552, 0.681823007159575, 553, 0.6945134599903917, 554, 0.6990726884741078, 555, 0.6910241724638563, 556, 0.6916912205654359, 557, 0.691443973061879, 558, 0.6998803768628032, 559, 0.6921540252222157, 560, 0.6670735981899886, 561, 0.6713455436307153, 562, 0.733113936448535, 563, 0.6882840808603035, 564, 0.6928229407751805, 565, 0.6857054559882109, 566, 0.7643379092102424, 567, 0.6947349633196118, 568, 0.6922433700000469, 569, 0.6821307527928347, 570, 0.7008140558566262, 571, 0.6980898237590663, 572, 0.6908684819672319, 573, 0.6911356100006522, 574, 0.6911773484826537, 575, 0.6932311142297948, 576, 0.6942555082526324, 577, 0.690282577849119, 578, 0.6809077059907047, 579, 0.693494292789102, 580, 0.6893327889185095, 581, 0.6880791522259389, 582, 0.6906035805776615, 583, 0.6919571949819949, 584, 0.6635030135569634, 585, 0.6896065140136807, 586, 0.6919469334012055, 587, 0.6927125739645292, 588, 0.6726213336804181, 589, 0.6765360020245818, 590, 0.6517650605880161, 591, 0.6927272243124922, 592, 0.6711393254227919, 593, 0.7018697787396483, 594, 0.69207770758971, 595, 0.6893967136648231, 596, 0.6920415811539563, 597, 0.6894917693216325, 598, 0.6893062173354203, 599, 0.6926436178109399, 600, 0.6914006675199289, 601, 0.6905896414424978, 602, 0.6927316240654627, 603, 0.6876475709499325, 604, 0.6923021862271814, 605, 0.6639399761584291, 606, 0.6891658846641652, 607, 0.6895928996638108, 608, 0.6867066960654671, 609, 0.7558253696657604, 610, 0.692640843966881, 611, 0.7000236943372395, 612, 0.6920051246505063, 613, 0.6931700705659133, 614, 0.6685038002009525, 615, 0.6919946561006747, 616, 0.6923395724490768, 617, 0.6717568158947724, 618, 0.6953015464815181, 619, 0.6911171024975736, 620, 0.6940164722658996, 621, 0.6923108153817402, 622, 0.6895944623667717, 623, 0.6860638520934403, 624, 0.6981215543448495, 625, 0.6891472872169236, 626, 0.6910074736203521, 627, 0.6895794171886028, 628, 0.6909821598916641, 629, 0.6941330377622289, 630, 0.680421478615581, 631, 0.6946695585499083, 632, 0.6932270032407725, 633, 0.6674558211334454, 634, 0.6636634390394346, 635, 0.6817656449990516, 636, 0.6873900960101899, 637, 0.6712743244740399, 638, 0.7009164670519518, 639, 0.6911014625003961, 640, 0.7023836078687281, 641, 0.6699277453366606, 642, 0.6926476590825966, 643, 0.6883916721955949, 644, 1.3625246384859295, 645, 0.7129345811947202, 646, 0.6838663530438289, 647, 0.6917567670487155, 648, 0.6857078859004843, 649, 0.6871102645654787, 650, 0.6658860103576285, 651, 0.6953993830613447, 652, 0.6872967302489615, 653, 0.6877020322180705, 654, 0.690336648639329, 655, 0.6940581809070453, 656, 0.6943743580830435, 657, 0.6943380662315498, 658, 0.6909860727919424, 659, 0.6681008356957425, 660, 0.6908837191211894, 661, 0.6901245353762521, 662, 0.6842054357854901, 663, 0.7096016436784223, 664, 0.6714204432003956, 665, 0.6658620746064466, 666, 0.6931207308876216, 667, 0.6698090017918411, 668, 0.6707509312489823, 669, 0.6865210118835534, 670, 0.6943282622551797, 671, 0.7669561046902295, 672, 0.6973066733020549, 673, 0.698683828108998, 674, 0.6986366656722233, 675, 0.6940200982402511, 676, 0.6694904144006306, 677, 0.6922832373058943, 678, 0.6980738102319015, 679, 0.6939124279341204, 680, 0.692136459958137, 681, 0.6911837093925535, 682, 0.6906637378204424, 683, 0.6918080249388022, 684, 0.6682623146236569, 685, 0.6914662298587694, 686, 0.6933981290419047, 687, 0.6926235240215559, 688, 0.6941187284194626, 689, 0.6931597728404959, 690, 0.6905641919235959, 691, 0.6464408431117084, 692, 0.6968605587981946, 693, 0.694330427639788, 694, 0.6569488692078023, 695, 0.6932081604470608, 696, 0.6876015601141072, 697, 0.6834021591946476, 698, 0.7074318557597838, 699, 0.6873985543488689, 700, 0.6914865418352047, 701, 0.6907772346262796, 702, 0.6844761397135042, 703, 0.693171072473777, 704, 0.6938088213437165, 705, 0.6852342386079922, 706, 0.6909182412365155, 707, 0.6933316183388377, 708, 0.6673896594108908, 709, 0.6931731398818362, 710, 0.6895442761999658, 711, 0.6932295610517217, 712, 0.6916894392295649, 713, 0.6916100329916686, 714, 0.6930410518804887, 715, 0.6892563867729283, 716, 0.6878195838540628, 717, 0.6916211713537199, 718, 0.6631316393462566, 719, 0.6926002765098801, 720, 0.69144958463391, 721, 0.6910434889196575, 722, 0.692478472769696, 723, 0.692735080797345, 724, 0.6923862881512962, 725, 0.6916902350942363, 726, 0.6928502051366504, 727, 0.6662511822540814, 728, 0.695133833976195, 729, 0.6928342872600642, 730, 0.6917868008996798, 731, 0.691061821282034, 732, 0.6909607201781803, 733, 0.6898750518225174, 734, 0.6924833384150347, 735, 0.6939887135966529, 736, 0.6911908848301349, 737, 0.6664112899928841, 738, 0.7683244135455297, 739, 0.68020758169092, 740, 0.7000420719584831, 741, 0.6994015005546624, 742, 0.6927539566746577, 743, 0.6935622771584621, 744, 0.6924349169416529, 745, 0.6938335558220746, 746, 0.6919011784429685, 747, 0.6725082285679084, 748, 0.7007339150089351, 749, 0.6831584080388186, 750, 0.6912503905510009, 751, 0.6894824396606375, 752, 0.691774100166215, 753, 0.690598638743153, 754, 0.6916149622461095, 755, 0.6892005217034523, 756, 0.6943824145640398, 757, 0.6889562245225991, 758, 0.6897499341683052, 759, 0.6943473531748092, 760, 0.6903154590972086, 761, 0.6889654656266655, 762, 0.6912186742078286, 763, 0.6885538343600266, 764, 0.6912081252664983, 765, 0.6896842484770171, 766, 0.6836038830989063, 767, 0.6903368519799147, 768, 0.6913735721486789, 769, 0.6779766679114573, 770, 0.6771966314823179, 771, 0.6988210663998458, 772, 0.6880195392370392, 773, 0.6670754939098913, 774, 0.6897143566237401, 775, 0.6943347826338263, 776, 0.6926950140312768, 777, 0.6893352855166939, 778, 0.687104363979913, 779, 0.6914508251884043, 780, 0.6699528805098135, 781, 0.6914585746556499, 782, 0.6677746660166864, 783, 0.6866915941390068, 784, 0.690596006285642, 785, 0.6918435980038204, 786, 0.6914710909917736, 787, 0.6863133877417923, 788, 0.6964033725879477, 789, 0.6928715155027252, 790, 0.668505241574371, 791, 0.6896849272110802, 792, 0.6903429476177128, 793, 0.6635015424754884, 794, 0.6956968046784816, 795, 0.695031523093972, 796, 0.6932927796854803, 797, 0.6471782756367422, 798, 0.688184680460422, 799, 0.6798510191318705, 800, 0.6811741766350388, 801, 0.7251084095116589, 802, 0.6859662421829015, 803, 0.6588222072626928, 804, 0.6884176819382571, 805, 0.6909570383174397, 806, 0.6865045922162347, 807, 0.6881653890195936, 808, 0.6882064078127936, 809, 0.696601603587879, 810, 0.6951829438184023, 811, 0.6976193047814971, 812, 0.7461401695326043, 813, 0.6903247177520438, 814, 0.6822649910108827, 815, 0.6908355344602827, 816, 0.6892423100339372, 817, 0.6959544394657241, 818, 0.6693287098702891, 819, 0.6940775826526423, 820, 0.6907200027568104, 821, 0.6674866218095339, 822, 0.6893160204523674, 823, 0.6887439576935684, 824, 0.6587601386120597, 825, 0.6743148261629617, 826, 0.6859147709353645, 827, 0.6921578265620235, 828, 0.6876012318445645, 829, 0.6896065422609884, 830, 0.699295599611745, 831, 0.6980562221990216, 832, 0.7167363516701697, 833, 0.6367159126156489, 834, 0.6598297149882794, 835, 0.6867711831696545, 836, 0.6896982293473246, 837, 0.6889191914753545, 838, 0.6812053101790078, 839, 0.6815806942620313, 840, 0.6627823429154855, 841, 0.6868947013802514, 842, 0.6891776488221865, 843, 0.666883421275056, 844, 0.6885488292880826, 845, 0.6346876687128715, 846, 0.6867434207910847, 847, 0.6500128330815175, 848, 0.6633076702695089, 849, 0.6676710812708715, 850, 0.6866088930851009, 851, 0.66418710841876, 852, 0.691195798858514, 853, 0.6921603705578296, 854, 0.6614685525179882, 855, 0.6661480676538052, 856, 0.6883815805520085, 857, 0.6878126910789946, 858, 0.6975745253504396, 859, 0.6716148549921269, 860, 0.6748107871351063, 861, 0.6664797896938383, 862, 0.7047603756199424, 863, 0.6888943094552928, 864, 0.6913393600655452, 865, 0.6714824686776687, 866, 0.7075153178485798, 867, 0.6940128254453984, 868, 0.6931715642536866, 869, 0.689557423813316, 870, 0.6911809616155414, 871, 0.6681734589581095, 872, 0.6742821155689109, 873, 0.688311681636194, 874, 0.6942883591290667, 875, 0.6933991596906023, 876, 0.6661230512988736, 877, 0.6937949580594129, 878, 0.6904126873455989, 879, 0.689902755109419, 880, 0.677772519440939, 881, 0.6882418669578728, 882, 0.6913934863425093, 883, 0.6947024831050633, 884, 0.7157031247306491, 885, 0.6979489346865948, 886, 0.8319597894693939, 887, 0.6749004449240126, 888, 0.673526403058909, 889, 0.6548184932156992, 890, 0.6988235070426758, 891, 0.6912612650683134, 892, 0.6902840019594925, 893, 0.6902036254535069, 894, 0.6857585670694727, 895, 0.6892334081056337, 896, 0.6915186564495452, 897, 0.6934991204610343, 898, 0.6896594690737103, 899, 0.643187275358437, 900, 0.6950574872174005, 901, 0.6897298292297623, 902, 0.6941017763520232, 903, 0.6879135843007288, 904, 0.6877997628220184, 905, 0.6941372638816474, 906, 0.6685692330046159, 907, 0.6913448574069583, 908, 0.6668398463431812, 909, 0.6896124483899596, 910, 0.6774417105984085, 911, 0.6858793238217663, 912, 0.6705558539828779, 913, 0.6929033851527734, 914, 0.692160345456134, 915, 0.6909313148444761, 916, 0.6725160052045972, 917, 0.6820271248307518, 918, 0.6949617274277151, 919, 0.6904777033515063, 920, 0.6906648173584917, 921, 0.6913896491349436, 922, 0.6897573434553583, 923, 0.6888787041035349, 924, 0.6896490167836401, 925, 0.6929867233852867, 926, 0.6979079970444744, 927, 0.6857940706399945, 928, 0.6691550298667602, 929, 0.6921865891011633, 930, 0.6915056159088154, 931, 0.69250608087077, 932, 0.6964822846098168, 933, 0.6682805127411278, 934, 0.6575916398020905, 935, 0.6756210712987969, 936, 0.6888786964022208, 937, 0.6961128789571851, 938, 0.6626985371653382, 939, 0.6838380878289576, 940, 0.7119877605817863, 941, 0.6797448719314275, 942, 0.7078297667140067, 943, 0.6884511380316891, 944, 0.6887743590487404, 945, 0.6651408813796494, 946, 0.659063983770713, 947, 0.6865000807877101, 948, 0.6845119546192923, 949, 0.6580125721933243, 950, 0.69325688049314, 951, 0.6514085579761896, 952, 0.6941421622866348, 953, 0.6686704323970225, 954, 0.6718774636246763, 955, 0.6903570465083997, 956, 0.6709396343096885, 957, 0.6948820954412772, 958, 0.6632852977139228, 959, 0.6756205580992398, 960, 0.6815863121114366, 961, 0.665007576502809, 962, 0.6729837019089594, 963, 0.7029232865535121, 964, 0.6644316260242398, 965, 0.6658688654317421, 966, 0.6724710397418229, 967, 0.6482886696625376, 968, 0.6886774190698117, 969, 0.695367415785264, 970, 0.6877656628691811, 971, 0.6922048637061343, 972, 0.6935571340206546, 973, 0.6904173426151201, 974, 0.6940420213411099, 975, 0.6810261615096116, 976, 0.6995399284161692, 977, 0.6675922280783086, 978, 0.6678770957353726, 979, 1.2145376222738273, 980, 0.6750605837538305, 981, 0.6697963970937797, 982, 0.6913769693900884, 983, 0.692708983732258, 984, 0.6855193071881442, 985, 0.6801683350051805, 986, 0.6867832221963979, 987, 0.6994395501868709, 988, 0.6841796344723827, 989, 0.6627145660791001, 990, 0.6896040774897894, 991, 0.6781622063191693, 992, 0.7037882775462779, 993, 0.6591695174737027, 994, 0.683427289205364, 995, 0.6900427042330082, 996, 0.7072725161205091, 997, 0.6845189514357654, 998, 0.6815414157328171, 999, 0.6696506321900143, 1000, 0.6861356649086943]