COMMENT:
run 21: last hyperparameter update (lr 5e-05->1e-05) has shown better model convergence for cuttent dataset size. This is a 1000-epoch test run to check model convergence for 1400-item dataset. Lr 1e-05, dataset 1400/1800, bs learn 30 eval full, bce, adam. 1000 epochs.
=================MODEL=================
NeuralNetwork(
  (neural_stack): Sequential(
    (0): Linear(in_features=8575, out_features=2048, bias=True)
    (1): LeakyReLU(negative_slope=0.01)
    (2): Linear(in_features=2048, out_features=1024, bias=True)
    (3): LeakyReLU(negative_slope=0.01)
    (4): Linear(in_features=1024, out_features=512, bias=True)
    (5): LeakyReLU(negative_slope=0.01)
    (6): Linear(in_features=512, out_features=256, bias=True)
    (7): LeakyReLU(negative_slope=0.01)
    (8): Linear(in_features=256, out_features=128, bias=True)
    (9): LeakyReLU(negative_slope=0.01)
    (10): Linear(in_features=128, out_features=50, bias=True)
    (11): LeakyReLU(negative_slope=0.01)
    (12): Linear(in_features=50, out_features=30, bias=True)
    (13): LeakyReLU(negative_slope=0.01)
    (14): Linear(in_features=30, out_features=5, bias=True)
    (15): LeakyReLU(negative_slope=0.01)
    (16): Linear(in_features=5, out_features=1, bias=True)
    (17): Sigmoid()
  )
)
================OPTIMIZER================
Adam (
Parameter Group 0
    amsgrad: False
    betas: (0.9, 0.999)
    capturable: False
    decoupled_weight_decay: False
    differentiable: False
    eps: 1e-08
    foreach: None
    fused: None
    lr: 1e-05
    maximize: False
    weight_decay: 0
)
================LOSS FUNC================
BCELoss()
================LOSSES================
[1, 1.5056083327685026, 2, 0.6286412475968408, 3, 0.5282995303727472, 4, 0.4042958983187284, 5, 0.6032819338581749, 6, 0.5708104149160586, 7, 0.5005808994652807, 8, 0.509085719166007, 9, 0.7709294231560423, 10, 0.6325434468130527, 11, 0.44456230255065016, 12, 0.6745246972005288, 13, 0.5485439650508881, 14, 0.5180429026931201, 15, 0.4297415345096024, 16, 0.5445395348302008, 17, 0.5034472931360271, 18, 0.6369670439468343, 19, 0.5499472368081749, 20, 0.5486924389444833, 21, 0.6294693924552764, 22, 0.6664517208409222, 23, 0.5774460794248968, 24, 0.5323012590677606, 25, 0.6733125149862746, 26, 0.490637937473477, 27, 0.591407046370829, 28, 0.5201100524464359, 29, 0.661723107000389, 30, 0.5441674466768427, 31, 0.40563934679723795, 32, 0.6518216959637897, 33, 0.5046127083299762, 34, 0.7145345916290476, 35, 0.4626005610192655, 36, 0.6417007142771987, 37, 0.5732095985236733, 38, 0.3613770683649629, 39, 0.5813304725080156, 40, 0.44950744828868294, 41, 0.6501951079537887, 42, 0.6330948487356122, 43, 0.606801761960584, 44, 0.6300773230270497, 45, 0.5451959925806569, 46, 0.5409205603068362, 47, 0.6066583254592613, 48, 0.5673291995482775, 49, 0.5442881228349905, 50, 0.5433938029320002, 51, 0.6449957363914981, 52, 0.49050757685645685, 53, 0.5205063363113391, 54, 0.5310078066135745, 55, 0.6362643308871959, 56, 0.544246653538838, 57, 0.7120758862849441, 58, 0.47041982986351905, 59, 0.48589791455341547, 60, 0.6689597201933996, 61, 0.5729161001639074, 62, 0.5859693473394444, 63, 0.618518442994899, 64, 0.6318566748847779, 65, 0.5993839560652, 66, 0.5796962315064219, 67, 0.6467076051418525, 68, 0.44923996763158414, 69, 0.5823994249245924, 70, 0.45539171214946184, 71, 0.4510824625453586, 72, 0.5460155803620851, 73, 0.5789602088546618, 74, 0.4959158695435786, 75, 0.6055840851759153, 76, 0.39392989397978473, 77, 0.47547195913362766, 78, 0.6568583403931728, 79, 0.499066814092412, 80, 0.5508710716684833, 81, 0.6352363566292593, 82, 0.446977359427026, 83, 0.43659762276287106, 84, 0.5282625505623181, 85, 0.5527533003773811, 86, 0.6154822576843244, 87, 0.4808006071677999, 88, 0.7169989985826092, 89, 0.4922174324807118, 90, 0.49794937947873846, 91, 0.32447382298466576, 92, 0.4897509135405881, 93, 0.4768924792445825, 94, 0.5332146180598224, 95, 0.5393265367112777, 96, 0.5141337387410869, 97, 0.5432353830370971, 98, 0.6327458023681649, 99, 0.582146876902798, 100, 0.5678611145586052, 101, 0.3479175026806468, 102, 0.5411185057088872, 103, 0.6004084942559499, 104, 0.46364393309301233, 105, 0.61878075852188, 106, 0.4665141873115605, 107, 0.36717361949333854, 108, 0.4310274605763379, 109, 0.5756953674910982, 110, 0.575981013024394, 111, 0.39587090878291314, 112, 0.4251652836403931, 113, 0.5790368848410967, 114, 0.5411633207333115, 115, 0.6123947105846542, 116, 0.5277491410245788, 117, 0.49758725316788044, 118, 0.4568017690787324, 119, 0.3635399408138053, 120, 0.544734263165766, 121, 0.4880840391312586, 122, 0.5053405814780539, 123, 0.5618448274160748, 124, 0.5328230539395612, 125, 0.62729851207613, 126, 0.5087008922075712, 127, 0.6263235421689951, 128, 0.6798717460316991, 129, 0.7278146246991447, 130, 0.5507005524755518, 131, 0.6428880754138194, 132, 0.6470459715559866, 133, 0.5643522643323263, 134, 0.501129142998483, 135, 0.5774556455394885, 136, 0.3873245034556158, 137, 0.4317142116844879, 138, 0.6604674165752527, 139, 0.5334895749558367, 140, 0.5739302015572524, 141, 0.6479490626539136, 142, 0.6798516329172983, 143, 0.7588756700898053, 144, 0.6362095690384914, 145, 0.5747084198496621, 146, 0.6319457181206941, 147, 0.5611520852494702, 148, 0.4449973628105298, 149, 0.5362585263722642, 150, 0.6165632730373678, 151, 0.5312990688223527, 152, 0.5812896109481883, 153, 0.4988117176582334, 154, 0.6253667014363345, 155, 0.4992262327870777, 156, 0.49809801483115446, 157, 0.5852706615359313, 158, 0.6087329214766238, 159, 0.4049766381531408, 160, 0.7595290473582852, 161, 0.4885235375985444, 162, 0.4594155076467249, 163, 0.46216885992070156, 164, 0.5066213480633226, 165, 0.5870398059683637, 166, 0.7924105917601871, 167, 0.5233318395597131, 168, 0.5839800911743509, 169, 0.3118842590147784, 170, 0.7093434038901919, 171, 0.46080379128493726, 172, 0.4498878108089045, 173, 0.592859209705127, 174, 0.5525353576138375, 175, 0.5298859253725948, 176, 0.49902987093138024, 177, 0.5439730033779926, 178, 0.5579731148093036, 179, 0.5613733261607587, 180, 0.6406843570994649, 181, 0.4669676047327913, 182, 0.5522036214985051, 183, 0.5687810567750861, 184, 0.5222637519699541, 185, 0.5439402985834602, 186, 0.5775805364788369, 187, 0.6341500057779041, 188, 0.44366099674354104, 189, 0.5964592712127332, 190, 0.5136213557213868, 191, 0.5112804905597752, 192, 0.6470875089695646, 193, 0.5262097115648855, 194, 0.4358932532765568, 195, 0.6864177200124447, 196, 0.38556133227406675, 197, 0.6750942804701301, 198, 0.4855730693520795, 199, 0.5372257962048672, 200, 0.6032169932784958, 201, 0.7059959645002291, 202, 0.44914555123753197, 203, 0.6039637034451537, 204, 0.3860931626366538, 205, 0.4725977888231285, 206, 0.4965487189838786, 207, 0.5167304181930671, 208, 0.6011098473289035, 209, 0.6092580409322218, 210, 0.6047792557219113, 211, 0.3964345100421152, 212, 0.5322668647233361, 213, 0.5569034884372913, 214, 0.5228818869020837, 215, 0.46866429250185926, 216, 0.5146122887753525, 217, 0.5531201190871459, 218, 0.34945751648917833, 219, 0.48674009525822975, 220, 0.4550181004810623, 221, 0.4523629062552739, 222, 0.4309568356432049, 223, 0.5367419875634674, 224, 0.40828801992374025, 225, 0.624453067298711, 226, 0.684612994289515, 227, 0.5337366282765039, 228, 0.4449971319662969, 229, 0.44151365093728273, 230, 0.5174190944135683, 231, 0.4802719186534129, 232, 0.3327468221621375, 233, 0.5737734381478762, 234, 0.4620820718169797, 235, 0.6306625895713606, 236, 0.4802573010066052, 237, 0.4468243684918078, 238, 0.4439619937596773, 239, 0.46832916375200423, 240, 0.6263130279865307, 241, 0.4029430233499199, 242, 0.33061725861277413, 243, 0.45832519555022855, 244, 0.7385832671043039, 245, 0.5609546600374791, 246, 0.5579805813474172, 247, 0.4521483418911369, 248, 0.5303707741514526, 249, 0.506137186067029, 250, 0.5300642371143477, 251, 0.5956307384545433, 252, 0.6523068154736791, 253, 0.46881781446109166, 254, 0.4988925592071566, 255, 0.4350276962739979, 256, 0.4597455073587879, 257, 0.2101454408714026, 258, 0.5973929518456005, 259, 0.4883586311305777, 260, 0.5028837800990595, 261, 0.43576396967091124, 262, 0.7510529886874796, 263, 0.5129814449774018, 264, 0.37442105897582245, 265, 0.4567139225024019, 266, 0.5968659724550803, 267, 0.4946874884554174, 268, 0.537335133862378, 269, 0.5890338973880686, 270, 0.5254044251119329, 271, 0.3319196281937449, 272, 0.4169603001923306, 273, 0.3939203787104261, 274, 0.5672986136445712, 275, 0.4060238795679247, 276, 0.39604428639135497, 277, 0.44390064207272967, 278, 0.592829090476855, 279, 0.5543715908590656, 280, 0.45749482918209244, 281, 0.4268978673364962, 282, 0.5099429600912476, 283, 0.47401012349648525, 284, 0.38717154253459907, 285, 0.4811067275578689, 286, 0.5115631521515087, 287, 0.5676969275312644, 288, 0.6171007092512497, 289, 0.5361494976203107, 290, 0.6133010035598571, 291, 0.5681064974425142, 292, 0.3779746681657143, 293, 0.5875381074222481, 294, 0.37970473242553265, 295, 0.5136833514665929, 296, 0.5990317688129626, 297, 0.5995342126991362, 298, 0.5217357832499373, 299, 0.46616729839933974, 300, 0.40203425674255144, 301, 0.5402983146623849, 302, 0.553369270457664, 303, 0.38157834613900043, 304, 0.5457354646553492, 305, 0.41358298164819285, 306, 0.5857505074872225, 307, 0.4463847128720142, 308, 0.5277157209463262, 309, 0.4773366483594865, 310, 0.7918478708629917, 311, 0.5069671188864296, 312, 0.4829155386270474, 313, 0.6051483499267397, 314, 0.5187187767013351, 315, 0.41375674512102273, 316, 0.5159887066338054, 317, 0.19779101543675698, 318, 0.4621439817340438, 319, 0.5372992168445919, 320, 0.40895379206283533, 321, 0.47634998445911975, 322, 0.5320731299919611, 323, 0.43010259868119033, 324, 0.4237698481715895, 325, 0.3969330352355525, 326, 0.4579934537607978, 327, 0.5146220380306485, 328, 0.6111762076288539, 329, 0.603186201117739, 330, 0.44594099845999097, 331, 0.41522469528379136, 332, 0.6426693329679091, 333, 0.46042365484285663, 334, 0.40476211799831624, 335, 0.44381175871224904, 336, 0.6100168027127248, 337, 0.31877602144308975, 338, 0.7892919564286148, 339, 0.488664021117334, 340, 0.43184007160416843, 341, 0.3973847823136147, 342, 0.33414542503138317, 343, 0.5512138200645954, 344, 0.5169073079382194, 345, 0.48993704609791283, 346, 0.5143372586049609, 347, 0.4978639903154936, 348, 0.49727725852935184, 349, 0.5224424290862827, 350, 0.36789973056157366, 351, 0.5016999543038443, 352, 0.3060577331964536, 353, 0.6250214986873888, 354, 0.4862187737101308, 355, 0.48739430143564916, 356, 0.5045976289368151, 357, 0.48873181152446876, 358, 0.6512946255053291, 359, 0.5200612895476682, 360, 0.5076987114556868, 361, 0.3881757805432695, 362, 0.5380473170799395, 363, 0.35754280151083667, 364, 0.6047372199062939, 365, 0.4908036879737027, 366, 0.5362650672577695, 367, 0.6440133440844488, 368, 0.3755051438164525, 369, 0.5192207586991262, 370, 0.3855742858791654, 371, 0.6363137776084483, 372, 0.54527312220462, 373, 0.39579642921580444, 374, 0.35544984536409774, 375, 0.3633688235204045, 376, 0.3635684705306802, 377, 0.6218811081191583, 378, 0.4715234330407239, 379, 0.37669442534245, 380, 0.6263399102066711, 381, 0.6670196942252928, 382, 0.668115062068422, 383, 0.4868934332418392, 384, 0.6711856635938982, 385, 0.45623916679738924, 386, 0.44434310755246625, 387, 0.54857239527634, 388, 0.7895040070307896, 389, 0.3374749587330851, 390, 0.7749288277632012, 391, 0.485762383452915, 392, 0.622406417204284, 393, 0.5026923941994388, 394, 0.6076673249327355, 395, 0.41325278867299475, 396, 0.37929895733266233, 397, 0.4499594262051202, 398, 0.4021003912362481, 399, 0.3747060276502785, 400, 0.45232225626670886, 401, 0.5836850876947595, 402, 0.4106635297403478, 403, 0.5147797696359224, 404, 0.5173935731455674, 405, 0.3700846309369859, 406, 0.5358550393993683, 407, 0.4073382107956947, 408, 0.3390677537879475, 409, 0.4801590364733003, 410, 0.3051518377029924, 411, 0.6310806768066449, 412, 0.35351125789766014, 413, 0.4146666703062983, 414, 0.2825285238618066, 415, 0.3791057494707427, 416, 0.5845285823833708, 417, 0.5433135228277881, 418, 0.3909659475560172, 419, 0.5499094627041816, 420, 0.45661376578400115, 421, 0.6237787882974287, 422, 0.5441388434897465, 423, 0.3349320543469945, 424, 0.5135683134645356, 425, 0.31474279027765006, 426, 0.4102489980958005, 427, 0.6935677622628461, 428, 0.37762034815832873, 429, 0.3914228568045787, 430, 0.506465524921245, 431, 0.46828435524009476, 432, 0.5553750297639696, 433, 0.7283023227977492, 434, 0.4990745721700636, 435, 0.3674522924394005, 436, 0.535609277512439, 437, 0.38141447922654315, 438, 0.5237091630084518, 439, 0.4883625920171806, 440, 0.5889981779262522, 441, 0.5795149950724423, 442, 0.7416669182951446, 443, 0.31546205854037396, 444, 0.5216562391108935, 445, 0.42004250473369775, 446, 0.34064918881651185, 447, 0.3184223471858162, 448, 0.47491089392310326, 449, 0.48271764174568366, 450, 0.2607485204447403, 451, 0.43055375052438266, 452, 0.5708790628292975, 453, 0.3262134247799043, 454, 0.4420640539818165, 455, 0.6769232885859768, 456, 0.5997999431044884, 457, 0.5762572487787146, 458, 0.449825213941952, 459, 0.4508987963076119, 460, 0.33334969736293407, 461, 0.47901930850231944, 462, 0.4683761649329874, 463, 0.36571193631930315, 464, 0.3560934427008895, 465, 0.6176042500847801, 466, 0.49441746547634907, 467, 0.45681307706304536, 468, 0.40081532629876887, 469, 0.359033800804933, 470, 0.4101456683692676, 471, 0.39045449515545655, 472, 0.3942038929303238, 473, 0.7089038787086939, 474, 0.4481309873303324, 475, 0.4525017605211458, 476, 0.4640510743296365, 477, 0.46529601000011783, 478, 0.3121283951335379, 479, 0.5726939600465549, 480, 0.3703215122587675, 481, 0.4906078921799165, 482, 0.3190171104347017, 483, 0.3688786081105407, 484, 0.28948725396360653, 485, 0.5271184512647425, 486, 0.4650808197710828, 487, 0.3081763208699226, 488, 0.50499628545629, 489, 0.4735566440834382, 490, 0.3034009851612393, 491, 0.29715343417916645, 492, 0.44747756423799423, 493, 0.32058484857611536, 494, 0.3304827507074412, 495, 0.21392890295965086, 496, 0.7901692452855281, 497, 0.6289647343378919, 498, 0.4910546562981885, 499, 0.40019572756839256, 500, 0.5003929656249536, 501, 0.8411921726875957, 502, 0.3429917146601306, 503, 0.4576898376086062, 504, 0.6678425037875256, 505, 0.17135354244239334, 506, 0.40509724784596784, 507, 0.3853513874142914, 508, 0.6529101414521967, 509, 0.5573731960043083, 510, 0.3624273171637307, 511, 0.30770998010227973, 512, 0.3973006551240024, 513, 0.3291512803524839, 514, 0.3895560007489585, 515, 0.32442304550342554, 516, 0.707405893120273, 517, 0.44070563500991455, 518, 0.3220171036583459, 519, 0.4764293268024293, 520, 0.29448925182757385, 521, 0.5398988159830101, 522, 0.7669154944544871, 523, 0.42710273519223707, 524, 0.3689371639526293, 525, 0.5159741130213737, 526, 0.5711111722539955, 527, 0.30994363123237245, 528, 0.46541295582597214, 529, 0.5184636272560884, 530, 0.4279657662632017, 531, 0.37503451674205385, 532, 0.3133863989960277, 533, 0.4237387339819234, 534, 0.7233932354910573, 535, 0.3244814738553483, 536, 0.39424683734756677, 537, 0.5464676910000182, 538, 0.16796790732437442, 539, 0.49636795844626186, 540, 0.5681215347971453, 541, 0.2504204195749361, 542, 0.4119592841708561, 543, 0.5995922885780198, 544, 0.4463227060117289, 545, 0.23251989670634957, 546, 0.4845766701523761, 547, 0.8677712389463265, 548, 0.43242458399663913, 549, 0.3417033554910323, 550, 0.5191524244488412, 551, 0.32976652157718844, 552, 0.3712004735698507, 553, 0.4222196274231648, 554, 0.08949816287620674, 555, 0.21807946508547676, 556, 0.5239948980841304, 557, 0.6106971646102171, 558, 0.38905035973083835, 559, 0.2873734118274065, 560, 0.3976100431817298, 561, 0.39644160730005296, 562, 0.4617649337448866, 563, 0.30807163327148396, 564, 0.24561417225574347, 565, 0.42591776978392853, 566, 0.31347266514202055, 567, 0.6159460613526554, 568, 0.5256240595674699, 569, 0.3751913341641028, 570, 0.29422286656827906, 571, 0.4931390971106003, 572, 0.3072787104090945, 573, 0.39487997163483496, 574, 0.3310783227164337, 575, 0.38741392780497264, 576, 0.40214735652357547, 577, 0.7809183387788863, 578, 0.46992443290088953, 579, 0.25979210814190884, 580, 0.7359462548466115, 581, 0.3597845910888594, 582, 0.3097164932286914, 583, 0.33532001505636366, 584, 0.40577150867269945, 585, 0.3727023975111708, 586, 0.31149776880338453, 587, 0.6103587591863249, 588, 0.38821196670461217, 589, 0.3745650345595957, 590, 0.33513049636899933, 591, 0.2992648200151827, 592, 0.8513066718873714, 593, 0.25379290001048016, 594, 0.4799882922715968, 595, 0.37638904684114355, 596, 0.27876541465388655, 597, 0.4019869226237258, 598, 0.5456720508485939, 599, 0.4409845722569624, 600, 0.2551113350119408, 601, 0.4740595341806612, 602, 0.375942990638272, 603, 0.35723434920584574, 604, 0.43710608020655306, 605, 0.3747538304058585, 606, 0.3788031385164314, 607, 0.37496552383834053, 608, 0.4716318409216778, 609, 0.6443018219133257, 610, 0.4675947479388656, 611, 0.24109918638338787, 612, 0.6945962314325527, 613, 0.8879106312504028, 614, 0.3243025270416233, 615, 0.1867638610219138, 616, 0.34919516763407465, 617, 0.5389501880235273, 618, 0.6477439446902156, 619, 0.28954249252400716, 620, 0.43194418268557794, 621, 0.48909291805540916, 622, 0.6074759156587812, 623, 0.40947292682995223, 624, 0.34589677258372115, 625, 0.4920597071907603, 626, 0.6014506373560654, 627, 0.39545464271605446, 628, 0.29978933053889895, 629, 0.6198481362517863, 630, 0.501911036511335, 631, 0.3170966537809215, 632, 0.4532801378779157, 633, 0.2603197643868764, 634, 0.23882413375977476, 635, 0.4107642791983226, 636, 0.4270129837138947, 637, 0.5922447602798894, 638, 0.3147249321699125, 639, 0.39104516756514884, 640, 0.27668356401387867, 641, 0.48012260423970987, 642, 0.269018938654222, 643, 0.5917931657642138, 644, 0.3511148557726406, 645, 0.7074013379487882, 646, 0.4519179802119306, 647, 0.5699590241783404, 648, 0.4396993335450548, 649, 0.39017573151948426, 650, 0.2351915492150271, 651, 0.24451966818278345, 652, 0.7039216812020577, 653, 0.3199201441393445, 654, 0.1554466955841038, 655, 0.35158319019844125, 656, 0.37717019925829653, 657, 0.42836551943083295, 658, 0.3833836239694469, 659, 0.13033212696913807, 660, 0.33901125939435406, 661, 0.3118481789584421, 662, 0.5982722778519719, 663, 0.3837314791096544, 664, 0.3917811310197269, 665, 0.30813551039157566, 666, 0.4250257407335976, 667, 0.5274486734472651, 668, 0.2336568812439293, 669, 0.31783632046864574, 670, 0.35589316429742973, 671, 0.5324374327997765, 672, 0.3271967950997621, 673, 0.3713686717783979, 674, 0.6148729458854075, 675, 0.42837189642376855, 676, 0.42614619258712677, 677, 0.44718116566272764, 678, 0.5204354496117202, 679, 0.49469628666674037, 680, 0.4063487291910012, 681, 0.32143611901474817, 682, 0.28498636072347083, 683, 0.5995429474240443, 684, 0.4543131577032308, 685, 0.49054236866609374, 686, 0.24621363306626418, 687, 0.33695579007121307, 688, 0.498390024913912, 689, 0.5011104344203198, 690, 0.46173087743223906, 691, 0.42558912282902067, 692, 0.34649941104081144, 693, 0.28501401789978226, 694, 0.288384982140441, 695, 0.4897949381495282, 696, 1.157669744853559, 697, 0.24909820744797662, 698, 0.2746756209612035, 699, 0.43875996272410067, 700, 0.36660678016499637, 701, 0.3027921523559703, 702, 0.23212497340286517, 703, 0.5626619159096041, 704, 0.35186289244670615, 705, 0.21781671748244164, 706, 0.34395484028577666, 707, 0.5691844666442252, 708, 0.3380788459218769, 709, 0.3172978834480921, 710, 0.2849671935473976, 711, 0.30556836692057854, 712, 0.5070928588396635, 713, 0.6594937795050524, 714, 0.5651584095776131, 715, 0.40182168864558804, 716, 0.4582386383678961, 717, 0.2491221912391176, 718, 0.47881492627094974, 719, 0.5956007279272831, 720, 0.520320835890689, 721, 0.2912167467601988, 722, 0.7768632855912599, 723, 0.33820643260654143, 724, 0.7042522840560199, 725, 0.39628339347209335, 726, 0.20456138349907999, 727, 0.3689579201210815, 728, 0.36775919722157924, 729, 0.3468975246360032, 730, 0.5862933530935331, 731, 0.44025956613571027, 732, 0.49822337249785764, 733, 0.28424927849315723, 734, 0.43394320541124054, 735, 0.2667760364982101, 736, 0.29397311450909114, 737, 0.2107770158413098, 738, 0.910840431983902, 739, 0.3698244424600892, 740, 0.436718799676134, 741, 0.4361687088890557, 742, 0.4623858153412538, 743, 0.6586983506903621, 744, 0.5212362355283445, 745, 0.27504433223400754, 746, 0.2301693875283139, 747, 0.5291577515435432, 748, 0.3355761406838368, 749, 0.3109220263737731, 750, 0.34147274103625, 751, 0.5914382038449998, 752, 0.35865884483388233, 753, 0.2912827894044809, 754, 0.254047913986623, 755, 0.6705223061273904, 756, 0.37715347167440455, 757, 0.40745624826475907, 758, 0.3597146170363088, 759, 0.3983678902136962, 760, 0.2694689807065363, 761, 0.22391981311035397, 762, 0.4453680052401886, 763, 0.7687357633550556, 764, 0.2589086704682972, 765, 0.21681249807722078, 766, 0.20025480951678312, 767, 0.5752797697066631, 768, 0.4483354142783333, 769, 0.5538794873394283, 770, 0.3274185699238928, 771, 0.46126173821287164, 772, 0.266644917504223, 773, 0.29537809191622433, 774, 0.6708117154189492, 775, 0.4547707282664565, 776, 0.3555074795164375, 777, 0.25331989743939815, 778, 0.35280837412669236, 779, 0.35996484115247634, 780, 0.4644153540281606, 781, 0.34516347882534326, 782, 0.2090668206614774, 783, 0.31535053521455436, 784, 0.4948340767174969, 785, 0.5082048722854743, 786, 0.38247150115837475, 787, 0.4070279290270071, 788, 0.47454635238424625, 789, 0.41092126621223, 790, 0.579397856966182, 791, 0.5098097607171151, 792, 0.5298277621031087, 793, 0.49024284124208484, 794, 0.4103655597066184, 795, 0.3648134115231866, 796, 0.28516612376224465, 797, 0.48088200759763994, 798, 0.46778941055305784, 799, 0.4343963453526707, 800, 0.40631130400890286, 801, 0.4050252545451317, 802, 0.3653308051690542, 803, 0.4470003519548062, 804, 0.467032944666712, 805, 0.3331632764820258, 806, 0.4372210541299965, 807, 0.4965069246214808, 808, 0.35543195573545294, 809, 0.5894194337867961, 810, 0.3989984675331427, 811, 0.7121417794827013, 812, 0.38840934511678166, 813, 0.3491330828742625, 814, 0.47430266818736067, 815, 0.4122102421347592, 816, 0.4681926434505366, 817, 0.5974673038650721, 818, 0.3739539030665243, 819, 0.482138367331664, 820, 0.46640269911237947, 821, 0.3875646557264746, 822, 0.49010996268618207, 823, 0.25395098313409553, 824, 0.23352269812726062, 825, 0.36994965425216864, 826, 0.28700938340498733, 827, 0.4690541492703578, 828, 0.424383864816731, 829, 0.3224648147500636, 830, 0.40370191321328347, 831, 0.1699980093915994, 832, 0.46509805821514616, 833, 0.2488184763780915, 834, 0.6199103684153393, 835, 0.35292912251424846, 836, 0.36647359083722264, 837, 0.4647373293407163, 838, 0.25291807435599056, 839, 0.2226923929671679, 840, 0.2062107965044993, 841, 0.4926884206662764, 842, 0.6822451229134268, 843, 0.31812479272708544, 844, 0.3951438144102246, 845, 0.2870613517047472, 846, 0.48839010646806713, 847, 0.19674498372121363, 848, 0.38661732554137984, 849, 0.6099835437588086, 850, 0.1854254965331145, 851, 0.25918224377743576, 852, 0.32007334291264705, 853, 0.4986711176264677, 854, 0.3430411579661107, 855, 0.30229464595949485, 856, 0.393345060296159, 857, 0.179144473810946, 858, 0.40724807957968256, 859, 0.33631848060157477, 860, 0.35084612207873145, 861, 0.30028402797526393, 862, 0.2906355726919018, 863, 0.20884646967201687, 864, 0.4598365689068457, 865, 0.47722475110719487, 866, 0.2731803544911923, 867, 0.2831876133636166, 868, 0.21314671623898232, 869, 0.2249103999819414, 870, 0.39392097767919054, 871, 0.4439060909052325, 872, 0.3602953452828905, 873, 0.315132146425623, 874, 0.29186233576136805, 875, 0.4031169753675811, 876, 0.5232093259787417, 877, 0.2113382550055978, 878, 0.30669336147795173, 879, 0.3459422558708018, 880, 0.25266628807421054, 881, 0.302512434237506, 882, 0.38711134887382503, 883, 0.37216923078165565, 884, 0.5588349555472069, 885, 0.32392803207139986, 886, 0.0924098967548576, 887, 0.5340755377471119, 888, 0.2307284903659387, 889, 0.3866435292763461, 890, 0.2460375068465684, 891, 0.3902591488821749, 892, 0.18027051919492731, 893, 0.38628281087988775, 894, 0.3192489525418138, 895, 0.31843344917379685, 896, 0.34674022082333367, 897, 0.2530954079947509, 898, 0.2253399646631108, 899, 0.2751490988035185, 900, 0.35708409631041554, 901, 0.311423059965635, 902, 0.24257466305542413, 903, 0.7892328504581388, 904, 0.3530319350470285, 905, 0.3510722513654351, 906, 0.3119237466814685, 907, 0.6509572242956209, 908, 0.5710043471725831, 909, 0.22271266903437092, 910, 0.2689474498205549, 911, 0.23285939872184003, 912, 0.3096553156584458, 913, 0.193039616610321, 914, 0.10889687415993568, 915, 0.28478885032398615, 916, 0.3827011522327704, 917, 0.3824033632594252, 918, 0.19142505001405838, 919, 0.3662692868669711, 920, 0.37386026019279023, 921, 0.24370565075092593, 922, 0.36537490283678, 923, 0.2346515710784858, 924, 0.2965294807088908, 925, 0.5531830224241645, 926, 0.3154494351798125, 927, 0.25919212815788684, 928, 0.20105842639944704, 929, 0.20539976953417285, 930, 0.4195594547057814, 931, 0.5838337791704193, 932, 0.5150565441485759, 933, 0.43184053277499945, 934, 0.3291006926573333, 935, 0.33669561086428884, 936, 0.31523940079258844, 937, 0.6187982652763719, 938, 0.2813517066661284, 939, 0.22961000893509792, 940, 0.25023601249565136, 941, 0.38920162039925216, 942, 0.3046172014678118, 943, 0.2380348989389233, 944, 0.23165085961503895, 945, 0.2198361954784946, 946, 0.3700441457584069, 947, 0.17700975759504195, 948, 0.42641871733007475, 949, 0.39144922506070046, 950, 0.39672706564910787, 951, 0.19778326887702585, 952, 0.29192109316529097, 953, 0.6021597675587027, 954, 0.4500434686897926, 955, 0.31816983144130073, 956, 0.32117348615574914, 957, 0.2919742038496428, 958, 0.16792845820873673, 959, 0.2779084111648327, 960, 0.3691174783752248, 961, 0.20250336417050374, 962, 0.23025189957455058, 963, 0.32965202327389065, 964, 0.21398038802923994, 965, 0.22867127207311141, 966, 0.45691683748195383, 967, 0.38761437584091046, 968, 0.3791974565985258, 969, 0.08177576051073181, 970, 0.21165829266069472, 971, 0.44205910447200825, 972, 0.1548743381826145, 973, 0.35532037850506476, 974, 0.37912943359035756, 975, 0.4329601426915136, 976, 0.20334123797908638, 977, 0.19108421380409873, 978, 0.20537353007175224, 979, 0.1838687087454801, 980, 0.4255649994909608, 981, 0.25038010012160294, 982, 0.26413414038317856, 983, 0.3658923347231656, 984, 0.38655202967270264, 985, 0.39341272854625065, 986, 0.40483979365498424, 987, 0.35352333600184616, 988, 0.37511023087425793, 989, 0.16046653413110362, 990, 0.2480430884998481, 991, 0.22187390432936496, 992, 0.3036883914378344, 993, 0.6669719422812942, 994, 0.3489278701706088, 995, 0.6548244377533761, 996, 0.3047360911599321, 997, 0.24565880142596702, 998, 0.24066995154896131, 999, 0.30594279857941503, 1000, 0.13764693098106912]
