COMMENT:
run 26: model started to converge after appr. epoch 800, increasing learning time to 2000 epochs. Lr 1e-05, bs 30, 2000 epochs, adam, bce
=================MODEL=================
NeuralNetwork(
  (neural_stack): Sequential(
    (0): Linear(in_features=8575, out_features=4096, bias=True)
    (1): LeakyReLU(negative_slope=0.01)
    (2): Linear(in_features=4096, out_features=2048, bias=True)
    (3): LeakyReLU(negative_slope=0.01)
    (4): Linear(in_features=2048, out_features=1024, bias=True)
    (5): LeakyReLU(negative_slope=0.01)
    (6): Linear(in_features=1024, out_features=512, bias=True)
    (7): LeakyReLU(negative_slope=0.01)
    (8): Linear(in_features=512, out_features=256, bias=True)
    (9): LeakyReLU(negative_slope=0.01)
    (10): Linear(in_features=256, out_features=128, bias=True)
    (11): LeakyReLU(negative_slope=0.01)
    (12): Linear(in_features=128, out_features=50, bias=True)
    (13): LeakyReLU(negative_slope=0.01)
    (14): Linear(in_features=50, out_features=30, bias=True)
    (15): LeakyReLU(negative_slope=0.01)
    (16): Linear(in_features=30, out_features=5, bias=True)
    (17): LeakyReLU(negative_slope=0.01)
    (18): Linear(in_features=5, out_features=1, bias=True)
    (19): Sigmoid()
  )
)
================OPTIMIZER================
Adam (
Parameter Group 0
    amsgrad: False
    betas: (0.9, 0.999)
    capturable: False
    decoupled_weight_decay: False
    differentiable: False
    eps: 1e-08
    foreach: None
    fused: None
    lr: 1e-05
    maximize: False
    weight_decay: 0
)
================LOSS FUNC================
BCELoss()
================LOSSES================
[1, 0.6886770858387744, 2, 0.6857064569673194, 3, 0.6729342108108838, 4, 0.7099444718607785, 5, 0.6959815836517126, 6, 0.6776122119085175, 7, 0.6621577194782732, 8, 0.693086599282351, 9, 0.6930650218087894, 10, 0.693134063947348, 11, 0.6932827078960192, 12, 0.694953841132072, 13, 0.6952899787567356, 14, 0.6953060403652412, 15, 0.6932437030775913, 16, 0.6931844787821932, 17, 0.7037890493105842, 18, 0.6929761957990959, 19, 0.6923109017813261, 20, 0.6914629464257095, 21, 0.6931553133000035, 22, 0.6957782976980853, 23, 0.6954360230009161, 24, 0.6723997884658152, 25, 0.6915087312934247, 26, 0.6702240348054833, 27, 0.6915165043931457, 28, 0.6887890163222148, 29, 0.6938250632376576, 30, 0.6911902039343898, 31, 0.693876034078245, 32, 0.6936121075413816, 33, 0.6710030536594916, 34, 0.6896621247031767, 35, 0.6687657169514512, 36, 0.6953078588553332, 37, 0.6944051777431357, 38, 0.6944168492382812, 39, 0.692001142633933, 40, 0.6931810630172139, 41, 0.6938543039523354, 42, 0.692784432962492, 43, 0.6925783845122564, 44, 0.6928597636493327, 45, 0.6919485988189458, 46, 0.6910302431730081, 47, 0.6938027326093532, 48, 0.6969536557962145, 49, 0.6927627330130501, 50, 0.6913540194676142, 51, 0.6894150660622432, 52, 0.6928829832798924, 53, 0.690141734642092, 54, 0.6952083612625252, 55, 0.6918883296702056, 56, 0.6952267778915707, 57, 0.6932498498660482, 58, 0.6924627965952083, 59, 0.6936997245529428, 60, 0.6935784207656774, 61, 0.6918956343277789, 62, 0.6931852042173929, 63, 0.6926577087393507, 64, 0.6920714815488648, 65, 0.6940366305986093, 66, 0.6941365307782522, 67, 0.6943189264271934, 68, 0.690876318190855, 69, 0.6953269329271643, 70, 0.6884759339739596, 71, 0.6943375738912685, 72, 0.6937552929245101, 73, 0.693045958201093, 74, 0.6986444709613642, 75, 0.6939983855153398, 76, 0.6920019181412426, 77, 0.6913788329996069, 78, 0.6932346618056509, 79, 0.6784011619064266, 80, 0.7023416063365959, 81, 0.7007471959050804, 82, 0.6934247834920072, 83, 0.69229460192603, 84, 0.6924082455855793, 85, 0.6963058047995622, 86, 0.6956303862458904, 87, 0.6924533685484845, 88, 0.6931539637106474, 89, 0.692964552408858, 90, 0.693177599055622, 91, 0.6931207982961424, 92, 0.6924013445782554, 93, 0.6929945028371713, 94, 0.6929748076428682, 95, 0.6930816981734694, 96, 0.6929108814585117, 97, 0.6912992257778245, 98, 0.6652427383508157, 99, 0.6916602467683932, 100, 0.6878674243570941, 101, 0.6933532245827428, 102, 0.6704390986042237, 103, 0.6889228775379762, 104, 0.691116480304266, 105, 0.6919933825765272, 106, 0.6964416538991209, 107, 0.6831942450239019, 108, 0.6999608402098727, 109, 0.6945540952675688, 110, 0.6913870621416975, 111, 0.7016969256370035, 112, 0.6954120134000733, 113, 0.6925952465923033, 114, 0.6920774856262092, 115, 0.6941180837907718, 116, 0.6941285438672619, 117, 0.6939477429841449, 118, 0.6886400639485413, 119, 0.690497594557786, 120, 0.6935548638586975, 121, 0.6951569362684142, 122, 0.6922700113363327, 123, 0.6694969223739167, 124, 0.6934376357766963, 125, 0.6949663067206057, 126, 0.6941106739158598, 127, 0.6912023659889421, 128, 0.6939354246453957, 129, 0.6917187407833881, 130, 0.6941398880645804, 131, 0.6695489108664427, 132, 0.6930296329332573, 133, 0.6938438616463891, 134, 0.6947091992675956, 135, 0.67331572969964, 136, 0.6923837045050641, 137, 0.693380648335692, 138, 0.6696750640626561, 139, 0.6926607759431084, 140, 0.6729941625321667, 141, 0.6866321357142475, 142, 0.7001251223687271, 143, 0.6895344037920462, 144, 0.6944736900894566, 145, 0.6930494689287023, 146, 0.692776057360305, 147, 0.6933691990964824, 148, 0.6699853628908161, 149, 0.693126601490159, 150, 0.6921502430319144, 151, 0.6710967318882849, 152, 0.690922545757933, 153, 0.6929181766165609, 154, 0.6931486264109693, 155, 0.6936342169427756, 156, 0.6688759881382755, 157, 0.6664113256886551, 158, 0.6921306801946394, 159, 0.69098666185203, 160, 0.6932256650868441, 161, 0.6930337172060482, 162, 0.6929259641922315, 163, 0.6841302001980611, 164, 0.6891113605133358, 165, 0.6919278683601753, 166, 0.6927110462339822, 167, 0.6931172553010201, 168, 0.6928336407422947, 169, 0.6931482698257366, 170, 0.6932553970695352, 171, 0.6930946476914254, 172, 0.6925784259071913, 173, 0.6928509358540682, 174, 0.694136492413931, 175, 0.6934583584526767, 176, 0.6931864807771596, 177, 0.6931567667432337, 178, 0.6927178360087102, 179, 0.7016524638545854, 180, 0.6933481437618731, 181, 0.6830092905283275, 182, 0.7004308753683058, 183, 0.6927214517078433, 184, 0.6968797264370927, 185, 0.6900771806477922, 186, 0.69052563762162, 187, 0.6886178489930469, 188, 0.6937997608142659, 189, 0.6931866046387214, 190, 0.6715741113037937, 191, 0.6952241320627428, 192, 0.6911521703598706, 193, 0.695565046233817, 194, 0.695266265273818, 195, 0.691856086498559, 196, 0.6951958602533268, 197, 0.6939186393828616, 198, 0.683752718390376, 199, 0.6939845925012263, 200, 0.6900826500313884, 201, 0.6895046077438273, 202, 0.6934647180783929, 203, 0.6931454338658116, 204, 0.6949862112053936, 205, 0.6931951054862504, 206, 0.693384258860102, 207, 0.6937522994446521, 208, 0.6945164249659926, 209, 0.6923461060958284, 210, 0.6920651348630535, 211, 0.671719574497936, 212, 0.6938928982531446, 213, 0.6928541182194758, 214, 0.683694874788111, 215, 0.670720897087652, 216, 0.6926566807054738, 217, 0.6943553744449619, 218, 0.6994520305976076, 219, 0.6960951179195745, 220, 0.6908496265038032, 221, 0.6897870710941376, 222, 0.6851312974394691, 223, 0.6895429739136734, 224, 0.67207836809513, 225, 0.6937982711778731, 226, 0.6907841111031455, 227, 0.6931100509344403, 228, 0.693861016404989, 229, 0.6829050424059527, 230, 0.6916617399139137, 231, 0.692818387150981, 232, 0.6939054903145732, 233, 0.6929998376557301, 234, 0.6947467247763339, 235, 0.6987677194038071, 236, 0.6931648064905221, 237, 0.6926259501070703, 238, 0.6933843198203705, 239, 0.6933112768023337, 240, 0.690740771544794, 241, 0.6933922174078103, 242, 0.6930514698026405, 243, 0.6924267654444214, 244, 0.6721478124639602, 245, 0.6892982679925228, 246, 0.6929316375055785, 247, 0.6927640050240685, 248, 0.6932671966436346, 249, 0.6924690372834296, 250, 0.6927080082687259, 251, 0.6928409712007929, 252, 0.670320883453189, 253, 0.689394654253911, 254, 0.695987918391202, 255, 0.6694578558718666, 256, 0.6714641444529968, 257, 0.6941590725274848, 258, 0.692433447482806, 259, 0.692681137573572, 260, 0.6931533657853036, 261, 0.6822731883958058, 262, 0.6931213884459927, 263, 0.6693704497106343, 264, 0.6933906428670971, 265, 0.6918158020347912, 266, 0.6943363440393727, 267, 0.6926304136232783, 268, 0.693899159111082, 269, 0.6927928195450128, 270, 0.6920467565288608, 271, 0.6930961549196548, 272, 0.6923597111319152, 273, 0.6931661772566464, 274, 0.693439088914288, 275, 0.6916630200638154, 276, 0.6940566116613559, 277, 0.6968988967415818, 278, 0.691433147745169, 279, 0.6926091205374352, 280, 0.6927227101366212, 281, 0.6937932578829074, 282, 0.6922582039748892, 283, 0.6845969304424223, 284, 0.6925876657643365, 285, 0.693301878923986, 286, 0.6936952352122799, 287, 0.6931678555981443, 288, 0.6700919760279148, 289, 0.6929326886841073, 290, 0.6929733440289987, 291, 0.6924156275416422, 292, 0.6919315285958646, 293, 0.6825075865836848, 294, 0.6933918977164967, 295, 0.6932519309736356, 296, 0.6935159217334552, 297, 0.6925349145454914, 298, 0.6936450167988645, 299, 0.6941928809043094, 300, 0.6929435537509698, 301, 0.6929537286078892, 302, 0.6834502211036493, 303, 0.6930626368467955, 304, 0.6928754370017107, 305, 0.6938030884460161, 306, 0.6936676709434607, 307, 0.6930706428950146, 308, 0.6928355831326074, 309, 0.6910485655266705, 310, 0.6942128219347083, 311, 0.6918256857824351, 312, 0.6929782000848428, 313, 0.692763055549947, 314, 0.6931118941086176, 315, 0.6949992564966936, 316, 0.6919096739933772, 317, 0.6910899611564209, 318, 0.692322864900996, 319, 0.693785269311635, 320, 0.6935242088643477, 321, 0.6916826813669062, 322, 0.689344028032026, 323, 0.6825225463519791, 324, 0.6948497957776898, 325, 0.6905074165460429, 326, 0.6916068305213485, 327, 0.6936660768045118, 328, 0.7073618542291852, 329, 0.7073682532289316, 330, 0.6928475782500073, 331, 0.6924380289441354, 332, 0.6955479983510365, 333, 0.7004003150116288, 334, 0.6970818429186009, 335, 0.6844122079132094, 336, 0.6920204331426537, 337, 0.6931553152406267, 338, 0.6717581728722616, 339, 0.6935338595998365, 340, 0.6925057491795156, 341, 0.6930581731591058, 342, 0.691954962863016, 343, 0.6930230745034649, 344, 0.6926517267520839, 345, 0.692650592468129, 346, 0.6929904208146768, 347, 0.6931691350888917, 348, 0.6952677210741544, 349, 0.6929602544457274, 350, 0.6928720376011607, 351, 0.6928029079145575, 352, 0.6832880807898809, 353, 0.6925582227804131, 354, 0.6930558660587874, 355, 0.6597525653127524, 356, 0.6934814081527653, 357, 0.6933820676896933, 358, 0.6919941066207738, 359, 0.6930490679294956, 360, 0.6936575277661231, 361, 0.6930133857052585, 362, 0.6930508382631108, 363, 0.6924879263132504, 364, 0.6938483684651984, 365, 0.6947406410220938, 366, 0.6931253336298924, 367, 0.6928988950149216, 368, 0.6945134794315322, 369, 0.6928461968144732, 370, 0.693508921007393, 371, 0.6939462602372505, 372, 0.6924490256167483, 373, 0.6695842227081397, 374, 0.6929715541915248, 375, 0.692882179987716, 376, 0.6932804637958385, 377, 0.6936751877705437, 378, 0.6929128795071122, 379, 0.6929245730381036, 380, 0.692939294381502, 381, 0.6951171974195677, 382, 0.6921920671524646, 383, 0.6921239320993696, 384, 0.6933912362792898, 385, 0.7037070783189817, 386, 0.6862526846963157, 387, 0.6828529099102089, 388, 0.69702688619287, 389, 0.6953412593106466, 390, 0.698527957158884, 391, 0.6946254011509632, 392, 0.6823469262686713, 393, 0.6924147697481015, 394, 0.6937947789080926, 395, 0.6939757809203952, 396, 0.6933203364162429, 397, 0.7057801959082568, 398, 0.6917100418426281, 399, 0.6932826821687174, 400, 0.692037116220029, 401, 0.695076475686999, 402, 0.6692764663919085, 403, 0.6941317681504597, 404, 0.6934713245137282, 405, 0.6933210765447393, 406, 0.6957054241826655, 407, 0.6938450731952731, 408, 0.6862530042743574, 409, 0.6918940927609682, 410, 0.6945909316945905, 411, 0.6845570587993944, 412, 0.6931137135638482, 413, 0.6931413658345296, 414, 0.6922738333742846, 415, 0.6929269239173744, 416, 0.693786598780329, 417, 0.7057388688198005, 418, 0.6929350365214454, 419, 0.670083100026835, 420, 0.6922387590292457, 421, 0.6927638080812828, 422, 0.6681525684666839, 423, 0.6930888932578064, 424, 0.6927260025920349, 425, 0.693427222669735, 426, 0.7054882624457404, 427, 0.6943900179294287, 428, 0.690738296431379, 429, 0.7046649402865549, 430, 0.7054581914767344, 431, 0.6974013832083518, 432, 0.6917874099934181, 433, 0.6990513302348054, 434, 0.6975462159104562, 435, 0.6624162490141338, 436, 0.6930463219388748, 437, 0.6834261129593618, 438, 0.6938572356851973, 439, 0.6930523563348319, 440, 0.6930803755020583, 441, 0.6924382518421459, 442, 0.692302086495922, 443, 0.6928495643845184, 444, 0.6929256412691809, 445, 0.6956200756212911, 446, 0.6931355113828566, 447, 0.69480651273586, 448, 0.6926420484021671, 449, 0.6895641717037037, 450, 0.6682025299731555, 451, 0.6945395020320448, 452, 0.6941047961075894, 453, 0.6925559170023948, 454, 0.6925565552314256, 455, 0.6973467603435122, 456, 0.7140115492811678, 457, 0.7009050135978946, 458, 0.6872989295781047, 459, 0.6985016509407898, 460, 0.6871097797662136, 461, 0.6927623866276085, 462, 0.6928167195268036, 463, 0.6930072295690579, 464, 0.6927147769827845, 465, 0.7076606210870494, 466, 0.6924712921423762, 467, 0.6714517996503958, 468, 0.6933137148006253, 469, 0.6916559612212859, 470, 0.6927687589645719, 471, 0.6928982805053497, 472, 0.6922905491813516, 473, 0.6929338257628873, 474, 0.6961433845562902, 475, 0.6699531594371694, 476, 0.6911398621827904, 477, 0.6916851817728007, 478, 0.6928153488113045, 479, 0.6696356599155411, 480, 0.6958763048487455, 481, 0.6936732739383585, 482, 0.6911490544582163, 483, 0.6934138020842439, 484, 0.6942238463632476, 485, 0.6865490762581011, 486, 0.6932691571978242, 487, 0.6927362775214013, 488, 0.6926055941634714, 489, 0.6931498187315803, 490, 0.6930157693013846, 491, 0.6936495591080717, 492, 0.7051384745162932, 493, 0.6933006999806398, 494, 0.6699289764882413, 495, 0.6922083389295624, 496, 0.6926372802964346, 497, 0.6927918933845016, 498, 0.692932752059374, 499, 0.683650070294275, 500, 0.6955348980052177, 501, 0.6942180079337535, 502, 0.6906681028673418, 503, 0.6935341569699437, 504, 0.6924376766775631, 505, 0.6926119509030564, 506, 0.6936580537716487, 507, 0.6698434327245868, 508, 0.6921981277031745, 509, 0.6928644202112684, 510, 0.6928194627658176, 511, 0.6923293712885317, 512, 0.6928431974330068, 513, 0.6924961734419129, 514, 0.6921308837395167, 515, 0.6947497619606072, 516, 0.6930263981854257, 517, 0.6919928105944408, 518, 0.6935551086226744, 519, 0.6935789719706565, 520, 0.6923914603397032, 521, 0.693501844976646, 522, 0.6924401829640743, 523, 0.6919160135455407, 524, 0.6938692511791235, 525, 0.6935546244167622, 526, 0.6809649270991123, 527, 0.6942027071540109, 528, 0.6921909351319065, 529, 0.6931193548133833, 530, 0.6688457599938886, 531, 0.6929955603433131, 532, 0.6987303319400708, 533, 0.6950558693402136, 534, 0.6693742339072959, 535, 0.6936331193552016, 536, 0.6927279723499126, 537, 0.7052764539036943, 538, 0.6922539951577913, 539, 0.7003834640617517, 540, 0.6973714483776869, 541, 0.7101742387623171, 542, 0.6930836544569324, 543, 0.6922170596857647, 544, 0.6944584961688336, 545, 0.6908777735496905, 546, 0.692634252848275, 547, 0.6918570840442126, 548, 0.706499794356782, 549, 0.6925937957789131, 550, 0.6898022656708335, 551, 0.6923586074998163, 552, 0.6701142748843697, 553, 0.6951502687876521, 554, 0.6918841468670034, 555, 0.6906413223341286, 556, 0.6785046701991345, 557, 0.6952535517553122, 558, 0.6687183723467217, 559, 0.6904944928445186, 560, 0.6786848747642223, 561, 0.6905100274347388, 562, 0.6921214757596067, 563, 0.69192322035518, 564, 0.6908898172726075, 565, 0.6977131617683424, 566, 0.6932935944519448, 567, 0.6900838300276149, 568, 0.691855262589929, 569, 0.6944634510205595, 570, 0.6923500697578943, 571, 0.7068495843445876, 572, 0.6913856759627692, 573, 0.694429855659935, 574, 0.693227727120707, 575, 0.6938590939746297, 576, 0.6998640282889288, 577, 0.6959200851065773, 578, 0.6929884137602481, 579, 0.692307815193659, 580, 0.6702568322626355, 581, 0.6919048703868971, 582, 0.6928206060251001, 583, 0.6928945367051429, 584, 0.6917088227866647, 585, 0.6927588539738584, 586, 0.7232323291145337, 587, 0.6789829066525542, 588, 0.6933264480035938, 589, 0.6932702174420879, 590, 0.6944088987287054, 591, 0.6931581743610498, 592, 0.6927747765032486, 593, 0.6935989370552801, 594, 0.669688138418365, 595, 0.6936458905798534, 596, 0.6927297768190551, 597, 0.6935643658231615, 598, 0.6912675484737992, 599, 0.6925677271643945, 600, 0.6922674497197355, 601, 0.6932688467706943, 602, 0.6926391230368135, 603, 0.6929493945253362, 604, 0.6924802096695605, 605, 0.6923011632673478, 606, 0.6930488719848339, 607, 0.6929380961869016, 608, 0.693009818494092, 609, 0.6929232241281184, 610, 0.6937341565466464, 611, 0.6697874980273073, 612, 0.6927495817867091, 613, 0.6706355970903546, 614, 0.6922037959552146, 615, 0.6928905063567339, 616, 0.6916421844284246, 617, 0.692537670980927, 618, 0.692437508862488, 619, 0.6919222722923384, 620, 0.6912921693512264, 621, 0.6921988519963634, 622, 0.6954265182948765, 623, 0.6951248018113974, 624, 0.6969334242481724, 625, 0.6888384008623334, 626, 0.6924686863234766, 627, 0.6924359721413906, 628, 0.6920718041210885, 629, 0.6920770570063617, 630, 0.6932078706556281, 631, 0.6923164335430534, 632, 0.6928936010626908, 633, 0.6943306670942453, 634, 0.6969025336256315, 635, 0.6923234567700628, 636, 0.6926136182958745, 637, 0.6667208190234011, 638, 0.6909379000548628, 639, 0.6692562812780263, 640, 0.6899032881077477, 641, 0.693181248432992, 642, 0.6932748437651496, 643, 0.6916686062956997, 644, 0.6943265551113745, 645, 0.6927607319856425, 646, 0.6922373085871798, 647, 0.6930451607110437, 648, 0.6936266355393157, 649, 0.6928701610214991, 650, 0.6933879167951478, 651, 0.693701224795678, 652, 0.6951365049273036, 653, 0.693034237753987, 654, 0.6793941043265281, 655, 0.6943659819009926, 656, 0.6939268479790945, 657, 0.6705247059538546, 658, 0.6843747844623498, 659, 0.6894425591823686, 660, 0.6931594009645486, 661, 0.6883338645280233, 662, 0.6945898920175645, 663, 0.6931345721333939, 664, 0.6907337358504109, 665, 0.690884144589265, 666, 0.6926234581478103, 667, 0.6918233070592126, 668, 0.6945598946907582, 669, 0.6918407724884542, 670, 0.6904272140690914, 671, 0.6920430441821523, 672, 2.957429337235461, 673, 0.7019879422691345, 674, 0.6961611575447354, 675, 0.6936583321459556, 676, 0.6926803438676953, 677, 0.6934751957120507, 678, 0.6943180170436076, 679, 0.6910712840432109, 680, 0.6686178565723855, 681, 0.6932115213057732, 682, 0.6928446893519854, 683, 0.6929400162232026, 684, 0.6933324367825162, 685, 0.6928157449954342, 686, 0.6928633078821703, 687, 0.6924815613770064, 688, 0.6923807423092785, 689, 0.7057266946231119, 690, 0.6908450089581606, 691, 0.6928026733125997, 692, 0.6926856937257677, 693, 0.6923383490769166, 694, 0.6919905939637864, 695, 0.6954782484055719, 696, 0.6928136934695684, 697, 0.6930179933312696, 698, 0.692565219188768, 699, 0.6844417395782891, 700, 0.6934697395007458, 701, 0.69249938906823, 702, 0.6909007010194801, 703, 0.6680117947731837, 704, 0.6730364648838595, 705, 0.6952541035056298, 706, 0.6950046932063548, 707, 0.668579338674372, 708, 0.6856642770714121, 709, 0.6986095040083646, 710, 0.695795810898078, 711, 0.693422380411769, 712, 0.6960209509884351, 713, 0.6919143541959752, 714, 0.689683101339534, 715, 0.6908579949313175, 716, 0.6770200830947779, 717, 0.6696388208921237, 718, 0.6939630905527712, 719, 0.6874623880689595, 720, 0.6994213257862741, 721, 0.6911476488381091, 722, 0.689623829525599, 723, 0.6920016743634758, 724, 0.6946363867033499, 725, 0.6936046899670638, 726, 0.6931210192509242, 727, 0.6917716774273468, 728, 0.693162073718788, 729, 0.6942651951175324, 730, 0.6933522394200031, 731, 0.6917982194940464, 732, 0.6697611919570862, 733, 0.6905011735520054, 734, 0.6910113154399877, 735, 0.6929912038794896, 736, 0.6936457406834807, 737, 0.692911026632001, 738, 0.6918974445102108, 739, 0.692907293307839, 740, 0.6935056759735796, 741, 0.6923347295043499, 742, 0.6915737692391671, 743, 0.6916575732769685, 744, 0.6928202209380953, 745, 0.6927318947876663, 746, 0.6921938575894502, 747, 0.693597233891983, 748, 0.6906648755929206, 749, 0.6924824741786683, 750, 0.6831231849797016, 751, 0.6904578749939557, 752, 0.6696427220184017, 753, 0.6933384845918688, 754, 0.6897040615828243, 755, 0.66890283376225, 756, 0.6919081517469786, 757, 0.6953776094390102, 758, 0.6905932588210729, 759, 0.694520815055173, 760, 0.6960241614552681, 761, 0.6922714217213126, 762, 0.6849808957616543, 763, 0.6888048257204983, 764, 0.6957602593561224, 765, 0.6877878353198653, 766, 0.6909028027922332, 767, 0.6908376854632498, 768, 0.6912993848858214, 769, 0.68494293289427, 770, 0.686455269214448, 771, 0.6868286982403291, 772, 0.6842855065123558, 773, 0.7010886758133174, 774, 0.676598919407731, 775, 0.6961050323267456, 776, 0.6963362403822174, 777, 0.6864702243500651, 778, 0.6928918851844102, 779, 0.6933505360700543, 780, 0.6918186958928553, 781, 0.6676972443371826, 782, 0.691670827044764, 783, 0.6926461237589637, 784, 0.6922850054465571, 785, 0.6910498012787715, 786, 0.6902481233271949, 787, 0.6966774850336612, 788, 0.7094520166560468, 789, 0.6906085139818188, 790, 0.692254845211567, 791, 0.6923609001660004, 792, 0.6919881108698458, 793, 0.693073728133355, 794, 0.6932562771857356, 795, 0.6726243159036097, 796, 0.7039374608024639, 797, 0.6924192039988262, 798, 0.690040847502421, 799, 0.6933534021644548, 800, 0.693742140671804, 801, 0.6895033943363923, 802, 0.6933305223683964, 803, 0.6924711350764844, 804, 0.6928460783793509, 805, 0.693042075255409, 806, 0.6894794131397949, 807, 0.7049823411338758, 808, 0.6929979608618592, 809, 0.6885444468275249, 810, 0.6953347582890334, 811, 0.6920424496766572, 812, 0.690613580093593, 813, 0.6903610565362943, 814, 0.6927350679202983, 815, 0.6892330850252658, 816, 0.6880823274120652, 817, 0.694815930420527, 818, 0.6678207538093831, 819, 0.6938937109310024, 820, 0.6916098522579018, 821, 0.7090940220117744, 822, 0.688709693385477, 823, 0.6965678070279004, 824, 0.6873494933353688, 825, 0.6955655316248325, 826, 0.6921353205222587, 827, 0.6888636703735416, 828, 0.6934804104138678, 829, 0.6741911329534608, 830, 0.6895191178552308, 831, 0.6981551150711165, 832, 0.6919707328945464, 833, 0.6898597628292796, 834, 0.6915340749879865, 835, 0.6934224431190077, 836, 0.6921801220613868, 837, 0.6930853725233509, 838, 0.694995350253668, 839, 0.692792395802966, 840, 0.6919606432289737, 841, 0.6935571583442973, 842, 0.694673799158145, 843, 0.6928739206003424, 844, 0.6927165675735197, 845, 0.6917601131996044, 846, 0.6936515146976527, 847, 0.6912165720837711, 848, 0.691120444466637, 849, 0.693172142884724, 850, 0.6705633858795005, 851, 0.6910207216325376, 852, 0.6934314354395663, 853, 0.6931427298473548, 854, 0.6936555827482764, 855, 0.6929882542426861, 856, 0.6935480560827187, 857, 0.6926199859030722, 858, 0.6947783847972379, 859, 0.6922080310802801, 860, 0.69065607821943, 861, 0.6921604916717198, 862, 0.6919937258010526, 863, 0.6973817573713006, 864, 0.6949104258167458, 865, 0.6876700990180302, 866, 0.6925434178297664, 867, 0.7057716325393495, 868, 0.6971240175809068, 869, 0.6913729644144986, 870, 0.687791245482845, 871, 0.6906956123435959, 872, 0.6928763682187312, 873, 0.69644860453378, 874, 0.6931852218664228, 875, 0.6939126653509525, 876, 0.6572126558702621, 877, 0.6931127011692371, 878, 0.668621148437492, 879, 0.6907109428073774, 880, 0.6696302078480644, 881, 0.7017901767529915, 882, 0.6940789489538909, 883, 0.6843324417570916, 884, 0.7058177659253815, 885, 0.6892859972676341, 886, 0.6849222238790901, 887, 0.6909603836955438, 888, 0.6930942626474755, 889, 0.684767118865381, 890, 0.6934662382897088, 891, 0.6930537408118234, 892, 0.6931948233355265, 893, 0.6928618167617026, 894, 0.7062115647433146, 895, 0.6930750555769382, 896, 0.6925581534657944, 897, 0.6875087832990272, 898, 0.6921795837968008, 899, 0.6902011990145256, 900, 0.6933101318166845, 901, 0.6907988504848809, 902, 0.6675637515619779, 903, 0.6925338355703592, 904, 0.6928921151102604, 905, 0.6858080167792628, 906, 0.6923182525561723, 907, 0.6925303511669123, 908, 0.6814597880340735, 909, 0.6912899296783415, 910, 0.6929476119260258, 911, 0.6922989620086385, 912, 0.6921727743044098, 913, 0.6912775442055242, 914, 0.689983244272756, 915, 0.6899622713280383, 916, 0.7089941507162945, 917, 0.6978530061548687, 918, 0.6906833523337533, 919, 0.6646080232913802, 920, 0.7080088398439043, 921, 0.6766285850273382, 922, 0.6849476632989654, 923, 0.6934203065977488, 924, 0.6941017008673644, 925, 0.6947704733979211, 926, 0.6930457723743506, 927, 0.6913556777863675, 928, 0.6922879313033535, 929, 0.6926940379153337, 930, 0.6941247633693612, 931, 0.6944815274430166, 932, 0.6936457258697604, 933, 0.6936110998483723, 934, 0.6930180734057537, 935, 0.7000759817886408, 936, 0.6932812536411378, 937, 0.687394550269884, 938, 0.6948893421394609, 939, 0.6917961278314357, 940, 0.6936896935097733, 941, 0.6824709188798568, 942, 0.6932486692525098, 943, 0.6867461948715871, 944, 0.6695366051571975, 945, 0.6926525495812165, 946, 0.6936571793507343, 947, 0.6915680797813101, 948, 0.6936394354961111, 949, 0.6923347397252329, 950, 0.6902927941649032, 951, 0.6916870389421937, 952, 0.692861017210326, 953, 0.6916274662379135, 954, 0.6700122139112168, 955, 0.691373829967661, 956, 0.6897801453366769, 957, 0.6916533505101674, 958, 0.6919886063730004, 959, 0.6950575203653405, 960, 0.6911906618524505, 961, 0.690366480768922, 962, 0.688646742653642, 963, 0.6927387814274569, 964, 0.6913478796786141, 965, 0.6915108302377082, 966, 0.6820773176066304, 967, 0.6920788542547865, 968, 0.6905812850955934, 969, 0.6731957067054533, 970, 0.666806607888766, 971, 0.6922247153816385, 972, 0.7026788854084418, 973, 0.6820016201276082, 974, 0.6970034927964995, 975, 0.6909198318253419, 976, 0.6692722761557567, 977, 0.6900352139780875, 978, 0.6927527390448945, 979, 0.6701654327945908, 980, 0.6923516842889199, 981, 0.669365567804204, 982, 0.6922724664689992, 983, 0.6460312188168993, 984, 0.6659568338844433, 985, 0.7036093200091859, 986, 0.6799811972856169, 987, 0.691884043340172, 988, 0.6917408038985849, 989, 0.6928487163311933, 990, 0.692671594823227, 991, 0.696759331303469, 992, 0.6911698747468618, 993, 0.6957542465820723, 994, 0.6901160289899823, 995, 0.691928160181469, 996, 0.6911080548694488, 997, 0.6926627746090195, 998, 0.6908417396614671, 999, 0.6949034654361275, 1000, 0.6933707883080106, 1001, 0.6919941087275462, 1002, 0.6905705644597563, 1003, 0.6676855027530962, 1004, 0.6902311534834585, 1005, 0.6904734289714959, 1006, 0.6918282701265831, 1007, 0.693674055233254, 1008, 0.6920909816316587, 1009, 0.6915096471199257, 1010, 0.6876765260472387, 1011, 0.6958130462570278, 1012, 0.6655712653430063, 1013, 0.6914223436851882, 1014, 0.6874614973956916, 1015, 0.6594090191925256, 1016, 0.6754689199821496, 1017, 0.6741847374634631, 1018, 0.6884918522199892, 1019, 0.692503977519162, 1020, 0.6902299783907132, 1021, 0.6670191405916185, 1022, 0.6906157718968011, 1023, 0.6920603634223634, 1024, 0.6950769741836992, 1025, 0.6876097280517548, 1026, 0.6918942115271566, 1027, 0.6703001942320126, 1028, 0.6896561184249612, 1029, 0.6827339327482741, 1030, 0.6922534458889492, 1031, 0.6953370193023927, 1032, 0.6914415636894887, 1033, 0.6682879446185769, 1034, 0.6929698359993358, 1035, 0.6933584695610978, 1036, 0.6930779739325299, 1037, 0.6640754012669295, 1038, 0.6654606910508883, 1039, 0.6883147577547082, 1040, 0.6674622210645124, 1041, 0.6702560008200529, 1042, 0.6646961031825576, 1043, 0.6914228950108369, 1044, 0.7012959521993959, 1045, 0.6893700143487304, 1046, 0.6948883096909989, 1047, 0.692629452121136, 1048, 0.692317531770312, 1049, 0.6925141165799609, 1050, 0.6468329713725515, 1051, 0.7007666178502354, 1052, 0.6983033689864047, 1053, 0.6895666788115039, 1054, 0.6914822152794182, 1055, 0.6918883859706911, 1056, 0.6926419184484495, 1057, 0.6957921000482666, 1058, 0.6887396342220536, 1059, 0.6921473489865129, 1060, 0.6855207224098984, 1061, 0.6955768310892412, 1062, 0.6789758222203799, 1063, 0.689834478951547, 1064, 0.6726749564062281, 1065, 0.6847297857844759, 1066, 0.6827423810454796, 1067, 0.6943967980491869, 1068, 0.6615965067918498, 1069, 0.653214885812951, 1070, 0.6936119114371712, 1071, 0.7363192542501954, 1072, 0.7131261862078065, 1073, 0.6874197578809103, 1074, 0.6880587592927324, 1075, 0.6721250508627371, 1076, 0.6905174842257144, 1077, 0.689848074751174, 1078, 0.6879281800131082, 1079, 0.6640684466849003, 1080, 0.6937006054087893, 1081, 0.6847280611246465, 1082, 0.681670039189584, 1083, 0.6935070085695805, 1084, 0.6818968213190016, 1085, 0.6752788783759395, 1086, 0.6835751728373395, 1087, 0.688528367247536, 1088, 0.6804113864530682, 1089, 0.7087661832208618, 1090, 0.6888033820886292, 1091, 0.696414153768531, 1092, 0.6913661594160191, 1093, 0.6840253052651145, 1094, 0.6683705044016103, 1095, 0.6730070964510989, 1096, 0.7185762102161615, 1097, 0.6965792954692355, 1098, 0.667922494824225, 1099, 0.6898244962661245, 1100, 0.693108638690204, 1101, 0.6923339583284821, 1102, 0.6933961362848085, 1103, 0.6920975285766284, 1104, 0.6901046305688907, 1105, 0.6848954175608098, 1106, 0.6719516040306782, 1107, 0.6889389264928791, 1108, 0.6806707595321939, 1109, 0.6859401048270553, 1110, 0.764826715123201, 1111, 0.6918092382242645, 1112, 0.6951652573791918, 1113, 0.6855339711026682, 1114, 0.69995170490561, 1115, 0.6838513465218274, 1116, 0.6803587800513301, 1117, 0.683854928847144, 1118, 0.6899557067941764, 1119, 0.6928279371040087, 1120, 0.6906182026779722, 1121, 0.6896664301416233, 1122, 0.6841491485746549, 1123, 0.7098279019191142, 1124, 0.689711893798153, 1125, 0.6710569983935081, 1126, 0.6475261048646028, 1127, 0.692300192673706, 1128, 0.6813133999996042, 1129, 0.6594223374912836, 1130, 0.6873115682515886, 1131, 0.6508610905871564, 1132, 0.6983599059794892, 1133, 0.6945851335850535, 1134, 0.6654836631842787, 1135, 0.6881915685696426, 1136, 0.6895955211536183, 1137, 0.6916369936828172, 1138, 0.6897471318650958, 1139, 0.68479116330442, 1140, 0.6809873220580406, 1141, 0.6922514821245075, 1142, 0.6669950817635982, 1143, 0.6874882160109214, 1144, 0.6910476180045902, 1145, 0.6897312044699431, 1146, 0.6900799323590866, 1147, 0.6982684105728353, 1148, 0.7024118210159342, 1149, 0.6784726201066401, 1150, 0.6927765118004697, 1151, 0.6384733777604142, 1152, 0.6869737486790368, 1153, 0.6861339386871842, 1154, 0.6924038068197057, 1155, 0.6937984204922031, 1156, 0.6917457971341243, 1157, 0.692045766022661, 1158, 0.6925461482842169, 1159, 0.692122713126164, 1160, 0.6688631827698217, 1161, 0.692678496161587, 1162, 0.7047373473491667, 1163, 0.6699750216697617, 1164, 0.6667501154775415, 1165, 0.6573064119816239, 1166, 0.6998490387121274, 1167, 0.685541066462527, 1168, 0.6968318674424258, 1169, 0.6724344627317994, 1170, 0.6335380251992608, 1171, 0.6847331455801822, 1172, 0.67814775771276, 1173, 0.6774531000322269, 1174, 0.7269989727865304, 1175, 0.6967103560585183, 1176, 0.6923639052141843, 1177, 0.6929053134176014, 1178, 0.6930183731226137, 1179, 0.6929973554221576, 1180, 0.6938235819335836, 1181, 0.6909491413325803, 1182, 0.6695909745090088, 1183, 0.6976587965865434, 1184, 0.6919983087804424, 1185, 0.6918729783064913, 1186, 0.6834066683033823, 1187, 0.6920236462694537, 1188, 0.6917214516655058, 1189, 0.6889937124564192, 1190, 0.6654021975732322, 1191, 0.6557060720537021, 1192, 0.6549989877428176, 1193, 0.6811293558221087, 1194, 0.6606424218188884, 1195, 0.6824751079726672, 1196, 0.687514397526782, 1197, 0.6663722158243978, 1198, 0.634758357532234, 1199, 0.6685303173159463, 1200, 0.7249695433937973, 1201, 0.6881805003610899, 1202, 0.6748331749580372, 1203, 0.6593752480887541, 1204, 0.6089271510717874, 1205, 0.6870409057797363, 1206, 0.676123657973898, 1207, 0.7482568132368906, 1208, 0.6917233694782721, 1209, 0.6523945521153335, 1210, 0.7217480801255952, 1211, 0.6893359123845217, 1212, 0.6880984592847761, 1213, 0.6756683623617642, 1214, 0.7167367834734907, 1215, 0.679872292315458, 1216, 0.6755945357665254, 1217, 0.690707367131529, 1218, 0.6529916360781554, 1219, 0.644085565075027, 1220, 0.6867916922472435, 1221, 0.6881082443210375, 1222, 0.6892088911410286, 1223, 0.6890181006290987, 1224, 0.6784425034321672, 1225, 0.6864617777975918, 1226, 0.6493409135602008, 1227, 0.7078511897451844, 1228, 0.6476727277552996, 1229, 0.7449451832834819, 1230, 0.6897189359773532, 1231, 0.6683770796861533, 1232, 0.6688653020921111, 1233, 0.6908856366824915, 1234, 0.6895794121455606, 1235, 0.6922381673017874, 1236, 0.6803219594202907, 1237, 0.6714698604508273, 1238, 0.6919775863283246, 1239, 0.6658484878863251, 1240, 0.6959967160365216, 1241, 0.692621337102023, 1242, 0.6891639682633983, 1243, 0.6907689033061677, 1244, 0.6983273218092574, 1245, 0.6868377054823942, 1246, 0.6616071125473287, 1247, 0.6945564291395808, 1248, 0.683864998732297, 1249, 0.6846073376441125, 1250, 0.6841655638363028, 1251, 0.6780365067930721, 1252, 0.6847817975160895, 1253, 0.6829137169820945, 1254, 0.6831597283458368, 1255, 0.662414367096905, 1256, 0.7002080465812948, 1257, 0.6684366963004202, 1258, 0.6361530691786207, 1259, 0.6560311172563346, 1260, 0.6572296772900431, 1261, 0.651789123362587, 1262, 0.6370818626358206, 1263, 0.697639928610176, 1264, 0.6781048695050444, 1265, 0.6858133810770888, 1266, 0.6935919473117456, 1267, 0.6521601980139522, 1268, 0.6810247067897266, 1269, 0.6347229238696095, 1270, 0.6613201891837173, 1271, 0.6582860820352363, 1272, 0.6770495179815504, 1273, 0.7120788020737788, 1274, 0.6546048672555999, 1275, 0.725953156402761, 1276, 0.6903908109323648, 1277, 0.6789798564983979, 1278, 0.6913597647303834, 1279, 0.6944055596172319, 1280, 0.686341770534932, 1281, 0.6915813517879676, 1282, 0.6895499652472457, 1283, 0.6678552746419782, 1284, 0.6801145705258581, 1285, 0.6926891521305534, 1286, 0.6856037738800682, 1287, 0.6651282474495385, 1288, 0.6898511034169494, 1289, 0.6874313116969198, 1290, 0.6858712351041564, 1291, 0.6845632458426966, 1292, 0.6929889684450351, 1293, 0.6928972435374234, 1294, 0.6939470297504868, 1295, 0.6846409236136471, 1296, 0.6863164732754904, 1297, 0.6830228555132325, 1298, 0.6847775427702885, 1299, 0.6339624390698525, 1300, 0.6957291370163775, 1301, 0.6341182456519581, 1302, 0.7398594771196627, 1303, 0.6911051591832572, 1304, 0.6918690469049148, 1305, 0.6794189439478594, 1306, 0.6921862508476864, 1307, 0.665869562666876, 1308, 0.6618638821958328, 1309, 0.6605384744604148, 1310, 0.6836127859446773, 1311, 0.6892936107283013, 1312, 0.6495612655898648, 1313, 0.6840855188046593, 1314, 0.690260832599885, 1315, 0.660093339199714, 1316, 0.644394408143575, 1317, 0.6425177044856156, 1318, 0.6761577078876498, 1319, 0.6677271211297673, 1320, 0.6665441760920946, 1321, 0.6747635551483754, 1322, 0.7141348821506823, 1323, 0.6874103229671203, 1324, 0.6816334467270799, 1325, 0.6876024772289909, 1326, 0.6817117396487534, 1327, 0.6656820721505057, 1328, 0.7004361163176334, 1329, 0.6946218362035899, 1330, 0.6988854607743168, 1331, 0.6633687270525359, 1332, 0.6034158243507246, 1333, 0.7137503125307441, 1334, 0.6465631377001161, 1335, 0.6263660797892657, 1336, 0.6552537133312596, 1337, 0.6165934645141269, 1338, 0.7148445963064645, 1339, 0.6150395974889439, 1340, 0.6938200894896717, 1341, 0.7877885878240544, 1342, 0.6629560644894968, 1343, 0.64404803378911, 1344, 0.7377182500537445, 1345, 0.676159088185048, 1346, 0.6835517922205677, 1347, 0.6899851458065837, 1348, 0.6666961192233327, 1349, 0.6889533637179179, 1350, 0.6922250598358908, 1351, 0.6833427703069994, 1352, 0.6886454567379025, 1353, 0.6882465268843357, 1354, 0.6836271645318812, 1355, 0.7961305080582276, 1356, 0.682587951550785, 1357, 0.6587786687986312, 1358, 0.6874039957773949, 1359, 0.6890133303895036, 1360, 0.6878646796463689, 1361, 0.6529847257768383, 1362, 0.6809791614366973, 1363, 0.6393419975859284, 1364, 0.6605648777446255, 1365, 0.6894057472977422, 1366, 0.7059260527183849, 1367, 0.6520877717342095, 1368, 0.5859200262463127, 1369, 0.6532914324560086, 1370, 0.745607645477903, 1371, 0.6311402329807182, 1372, 0.6933431528681453, 1373, 0.6230549722788176, 1374, 0.6800339112494913, 1375, 0.7994884827101025, 1376, 0.643983968220392, 1377, 0.7209761342406699, 1378, 0.6953754735646956, 1379, 0.6909824257990259, 1380, 0.6833147544040584, 1381, 0.6823526200504912, 1382, 0.6689192251704443, 1383, 0.6929802816622747, 1384, 0.7171594793891284, 1385, 0.6170973480534692, 1386, 0.6660395282408451, 1387, 0.649776448996091, 1388, 0.5595052230385312, 1389, 0.6694535232853631, 1390, 0.7177110646928284, 1391, 0.6952489772824487, 1392, 0.6856250985458675, 1393, 0.5882627163510673, 1394, 0.674390162176228, 1395, 0.6513599935260856, 1396, 0.6415531214368894, 1397, 0.7175213899456807, 1398, 0.7593598485199153, 1399, 0.6757200257738726, 1400, 0.6634625969587975, 1401, 0.6809528336900814, 1402, 0.6699638364804418, 1403, 0.7218804569347201, 1404, 0.7118478192871286, 1405, 0.6465397125366612, 1406, 0.5968288197709339, 1407, 0.6508872384108603, 1408, 0.6793001109696257, 1409, 0.5964370452414187, 1410, 0.663194398745394, 1411, 0.5986999380655185, 1412, 0.7239664567050104, 1413, 0.6854208778419238, 1414, 0.6550242636083865, 1415, 0.7272216654398233, 1416, 0.7031348118607781, 1417, 0.7275778050505249, 1418, 0.7141136044834577, 1419, 0.682009932623597, 1420, 0.6872932543326217, 1421, 0.6663348609606354, 1422, 0.6627513303419648, 1423, 0.6716738845060298, 1424, 0.6528471162332077, 1425, 0.6539182712581233, 1426, 0.6874905729357436, 1427, 0.6790262668459396, 1428, 0.6559469493428313, 1429, 0.6831017528896166, 1430, 0.6324399776348921, 1431, 0.6541825289827007, 1432, 0.5977604968937474, 1433, 0.707702520534332, 1434, 0.6340299556642797, 1435, 0.6722081674505099, 1436, 0.6896511009959733, 1437, 0.6833048712355726, 1438, 0.6859346331639118, 1439, 0.6850473156358013, 1440, 0.6152465960839955, 1441, 0.6808139044287596, 1442, 0.6258671710918693, 1443, 0.6394220017483405, 1444, 0.6445961990324446, 1445, 0.6637445933967406, 1446, 0.685038048043025, 1447, 0.571822207769369, 1448, 0.6816383774440079, 1449, 0.6856189079815279, 1450, 0.6874064428108932, 1451, 0.6583081902332049, 1452, 0.645370955137299, 1453, 0.5741972957562071, 1454, 0.627522136991478, 1455, 0.5902772503924976, 1456, 0.6011419980794149, 1457, 0.6507975022989877, 1458, 0.6322661972682974, 1459, 0.646021376637986, 1460, 0.5525926188649543, 1461, 0.5628879670048424, 1462, 0.6817860277919566, 1463, 0.6533596323976719, 1464, 0.5955179458422342, 1465, 0.6330890952014122, 1466, 0.6119859319052801, 1467, 0.7154451953291326, 1468, 0.6364872055220583, 1469, 0.6234866334117898, 1470, 0.7338879345730767, 1471, 0.6626169742987607, 1472, 0.5756205530523685, 1473, 0.6738591927941808, 1474, 0.6513755436233722, 1475, 0.6912336926018005, 1476, 0.5674379744803352, 1477, 0.9287005954555899, 1478, 0.6082197340460062, 1479, 0.6344850398280754, 1480, 0.7035231694129553, 1481, 0.7063030987535011, 1482, 0.6680610621591035, 1483, 0.5889351020613436, 1484, 0.7322665003072395, 1485, 0.6326065233219987, 1486, 0.6520794162436019, 1487, 0.658308175646927, 1488, 0.695697902308521, 1489, 0.6709126590058214, 1490, 0.6506847514395405, 1491, 0.6348097874642857, 1492, 0.6303048796390429, 1493, 0.645301560177412, 1494, 0.7239937530115479, 1495, 0.6349616314839172, 1496, 0.6706772654223233, 1497, 0.6292194756033475, 1498, 0.5915870951962438, 1499, 0.49771811550499695, 1500, 0.5891308174233212, 1501, 0.5206004137524392, 1502, 0.6786059854096929, 1503, 0.5882982274045865, 1504, 0.5290643424951674, 1505, 0.712709623894213, 1506, 0.7237454018433667, 1507, 0.712150890555825, 1508, 0.48495316160469365, 1509, 0.6253560239680863, 1510, 0.6920669943391637, 1511, 0.594968769971966, 1512, 0.6621194589371882, 1513, 0.5683523257217504, 1514, 0.5608226584184621, 1515, 0.5569080266233944, 1516, 0.7340228788559185, 1517, 0.7592607090588452, 1518, 0.5306611061821561, 1519, 0.5613005991028918, 1520, 0.6736686069815566, 1521, 0.6066099277511202, 1522, 0.5873549563638593, 1523, 0.6654383705497947, 1524, 0.5316695801077055, 1525, 0.7561402988618872, 1526, 0.5779615535011037, 1527, 0.6134348576489406, 1528, 0.7569298464685704, 1529, 0.538696208736779, 1530, 0.722758465842348, 1531, 0.525102220129374, 1532, 0.6817697154680131, 1533, 0.645851248415447, 1534, 0.6448745964316215, 1535, 0.697607221617158, 1536, 0.6529430550321977, 1537, 0.6563643127467671, 1538, 0.6333620459255329, 1539, 0.6742415684474871, 1540, 0.6480111715400488, 1541, 0.5488266507235929, 1542, 0.6603838839551887, 1543, 0.6341378209730772, 1544, 0.6460532304363376, 1545, 0.7270268832927892, 1546, 0.6049898549383548, 1547, 0.6357358737214043, 1548, 0.6093838826227248, 1549, 0.5981570663779389, 1550, 0.7207500335752729, 1551, 0.6585196466559621, 1552, 0.5977094758603977, 1553, 0.6298354728764931, 1554, 0.5633738100303873, 1555, 0.5612570278505814, 1556, 0.5693985927778837, 1557, 0.5980616439664165, 1558, 0.6794654751896216, 1559, 0.7214714019441754, 1560, 0.6417993360510325, 1561, 0.7066991419532827, 1562, 0.8203938590088834, 1563, 0.6991430674739036, 1564, 0.5698089531056489, 1565, 0.5763800114823641, 1566, 0.7070450817696045, 1567, 0.6327563311713295, 1568, 0.6766210201067078, 1569, 0.651494469885384, 1570, 0.7216382208735673, 1571, 0.5797650702022511, 1572, 0.6086709009437377, 1573, 0.6575062813654069, 1574, 0.5715036141966837, 1575, 0.6356031451779987, 1576, 0.5297492463951966, 1577, 0.6655944886296294, 1578, 0.5150314260525093, 1579, 0.7280452044005844, 1580, 0.628078389504167, 1581, 0.6943423400090746, 1582, 0.6471630080320188, 1583, 0.5891387402332607, 1584, 0.4557075634215366, 1585, 0.6274563632385208, 1586, 0.6189670499345701, 1587, 0.6694106410395182, 1588, 0.5130184188803372, 1589, 0.675257240009127, 1590, 0.7169682553057418, 1591, 0.5992376140964996, 1592, 0.49581889838701276, 1593, 0.6831784017377421, 1594, 0.6837011898292301, 1595, 0.5822930805585309, 1596, 0.7062091802001279, 1597, 0.6906494275511064, 1598, 0.5527109049011557, 1599, 0.5915174156007075, 1600, 0.5168313410317306, 1601, 0.5412004344311724, 1602, 0.5209190172103847, 1603, 0.5371613656651557, 1604, 0.6177688863836849, 1605, 0.5663120452471808, 1606, 0.5695362645808235, 1607, 0.6343701507172571, 1608, 0.6278783389636989, 1609, 0.5428818370499656, 1610, 0.9128130756608167, 1611, 0.6506723192557473, 1612, 0.6306013073349575, 1613, 0.632575341875359, 1614, 0.6988650920631606, 1615, 0.6549516432916688, 1616, 0.644277456273913, 1617, 0.5817663936238154, 1618, 0.5774027776647107, 1619, 0.7008418101763692, 1620, 0.6486129329103701, 1621, 0.542850485600918, 1622, 0.5112413701835187, 1623, 0.6173262781184854, 1624, 0.6085685669293613, 1625, 0.6138418899815822, 1626, 0.7804539470204184, 1627, 0.5903515704771471, 1628, 0.5413469433247566, 1629, 0.6466848357937017, 1630, 0.6417141743287229, 1631, 0.6574947177806256, 1632, 0.6427472519173993, 1633, 0.6280533867045089, 1634, 0.5367158610877427, 1635, 0.6010917828964403, 1636, 0.5094701944004201, 1637, 0.6972719103552066, 1638, 0.672689482091369, 1639, 0.7023449536599526, 1640, 0.7205989562616458, 1641, 0.5924620969083383, 1642, 0.5484947717072459, 1643, 0.6243010774129706, 1644, 0.6889067411179322, 1645, 0.5883409120043122, 1646, 0.5307036081728539, 1647, 0.6815103674186239, 1648, 0.7305854714617281, 1649, 0.6380921534822921, 1650, 0.5507951807383823, 1651, 0.5615964678213865, 1652, 0.4631818714629147, 1653, 0.5542730238451081, 1654, 0.4775660294753218, 1655, 0.5999013207444114, 1656, 0.5214093882204268, 1657, 0.5316622873027562, 1658, 0.6807411962990606, 1659, 0.5735341347456252, 1660, 0.5473944358261004, 1661, 0.4575282914618494, 1662, 0.5592110428747371, 1663, 0.5397999031033284, 1664, 0.7044531412835756, 1665, 0.5567681002085884, 1666, 0.6080683920352714, 1667, 0.6123352163772547, 1668, 0.7089398507626419, 1669, 0.4871438273765637, 1670, 0.6360021242490153, 1671, 0.5667521213271914, 1672, 0.5292251724263666, 1673, 0.5931643671793784, 1674, 0.47315351321125515, 1675, 0.6355336253904343, 1676, 0.5664708654657697, 1677, 0.4893619523931374, 1678, 0.6621069925765833, 1679, 0.3634683837387662, 1680, 0.5518144878498358, 1681, 0.5170452738196383, 1682, 0.5797245003190862, 1683, 0.49657961096065667, 1684, 0.5243537451550255, 1685, 0.5224197983142166, 1686, 0.6382163266335288, 1687, 0.5539150483977546, 1688, 0.5619943167247358, 1689, 0.6641727969121374, 1690, 0.6787733807506039, 1691, 0.5258813693447851, 1692, 0.42658523699910333, 1693, 0.4892047826572041, 1694, 0.6371749642206548, 1695, 0.3660506898674571, 1696, 0.5825267898206358, 1697, 0.45024749186544094, 1698, 0.6195594810548047, 1699, 0.5656257873195306, 1700, 0.46789346507330715, 1701, 0.6343778750479735, 1702, 0.5928513566861325, 1703, 0.6058460605800399, 1704, 0.5540195189021632, 1705, 0.8167432111646888, 1706, 0.5495544110421122, 1707, 0.5298401355428978, 1708, 0.4030602095696833, 1709, 0.5389210464831533, 1710, 0.4879150532042079, 1711, 0.5728224665242678, 1712, 0.6368875423933796, 1713, 0.5042674932894615, 1714, 0.4837904538770498, 1715, 0.46002270222479, 1716, 0.7509582481754464, 1717, 0.601773195368622, 1718, 0.4553911251874117, 1719, 0.5622697841464305, 1720, 0.5642617706471802, 1721, 0.6848308538187478, 1722, 0.562082459801183, 1723, 0.5104897770880327, 1724, 0.5209583910794676, 1725, 0.4581004011373533, 1726, 0.6087263497375408, 1727, 0.450252817511615, 1728, 0.3938175806249614, 1729, 0.4810300978924106, 1730, 0.6650579079891062, 1731, 0.491341921707136, 1732, 0.6648789184411662, 1733, 0.5128015502865731, 1734, 0.5343369832819913, 1735, 0.6860299116585574, 1736, 0.4434131635269552, 1737, 0.6621729075710665, 1738, 0.44789859764503354, 1739, 0.9469391486093107, 1740, 0.5900420175090688, 1741, 0.5336947532777419, 1742, 0.46406121643128834, 1743, 0.48085417361399935, 1744, 0.5188855848773107, 1745, 0.5309868604897942, 1746, 0.5328337413850195, 1747, 0.5665269787423043, 1748, 0.44184745681566856, 1749, 0.49646457533526933, 1750, 0.7420994649087352, 1751, 0.5810353547939177, 1752, 0.4599652853702004, 1753, 0.3715994278967859, 1754, 0.5094462760093547, 1755, 0.4949334943644684, 1756, 0.4410707337417778, 1757, 0.6008332439522891, 1758, 0.4387536674981904, 1759, 0.46991603035768775, 1760, 0.42122025359600834, 1761, 0.49583557965236363, 1762, 0.5301809933946604, 1763, 0.49979759924779504, 1764, 0.4488238439679784, 1765, 0.5688711142833672, 1766, 0.5541286527546568, 1767, 0.44412149427160025, 1768, 0.6791999586278555, 1769, 0.6372534116746437, 1770, 0.6146165673975125, 1771, 0.7829033450991514, 1772, 0.4083511433279837, 1773, 0.4948614881347258, 1774, 0.5876880100505104, 1775, 0.48675684654815715, 1776, 0.7294028877962745, 1777, 0.44725768612746325, 1778, 0.5090783390308407, 1779, 0.49081035519462973, 1780, 0.7220402421032266, 1781, 0.6720279171168612, 1782, 0.44541847155740044, 1783, 0.5694136519710149, 1784, 0.616696331237076, 1785, 0.5520498445061269, 1786, 0.5712521208864557, 1787, 0.45734685139763087, 1788, 0.49332081786999016, 1789, 0.5973767656003603, 1790, 0.46498911442717855, 1791, 0.5097642968070025, 1792, 0.5602380127409763, 1793, 0.3969510202786658, 1794, 0.6619865484469701, 1795, 0.4478417930326984, 1796, 0.5072586074395367, 1797, 0.47410707413744696, 1798, 0.47510536265046643, 1799, 0.5557715672012582, 1800, 0.656987243216205, 1801, 0.45970006294359245, 1802, 0.5452708864571609, 1803, 0.5354608307082243, 1804, 0.43565456620158766, 1805, 0.6643537566081447, 1806, 0.632591281679071, 1807, 0.5291690391385538, 1808, 0.49709087595644186, 1809, 0.5200053477583674, 1810, 0.5211523822241708, 1811, 0.49339718252283854, 1812, 0.5180679932211613, 1813, 0.5008662043210277, 1814, 0.45080748690636674, 1815, 0.4907617594948004, 1816, 0.42339296965797846, 1817, 0.5124209453690868, 1818, 0.6177318244675073, 1819, 0.6823139410845734, 1820, 0.43480183600166084, 1821, 0.49130168783730344, 1822, 0.7727363846351228, 1823, 0.5844850497403586, 1824, 0.4399313598095705, 1825, 0.42873732849208185, 1826, 0.5765022709076012, 1827, 0.4549067953323758, 1828, 0.6337996385725667, 1829, 0.6379912556902945, 1830, 0.5554445833158943, 1831, 0.4176883337387839, 1832, 0.33285212431271316, 1833, 0.6171010022210912, 1834, 0.48282002995650153, 1835, 0.46966748921725976, 1836, 0.6398581321288923, 1837, 0.5153637159937878, 1838, 0.4746548127341574, 1839, 0.3539442424223059, 1840, 0.5134559478057854, 1841, 0.5286179295173624, 1842, 0.45997875860712656, 1843, 0.4078970927635711, 1844, 0.4485331469860892, 1845, 0.7064256332859266, 1846, 0.449294395823608, 1847, 0.5564424509186715, 1848, 0.491736043980082, 1849, 0.4210756026564006, 1850, 0.5355436543097752, 1851, 0.5406968565617526, 1852, 0.5480283889656714, 1853, 0.5497409322890099, 1854, 0.7108946111859888, 1855, 0.6636458711539254, 1856, 0.42541404539042205, 1857, 0.5063157041958773, 1858, 0.5504378811034022, 1859, 0.5902142660708354, 1860, 0.5214539860178216, 1861, 0.5305158115938957, 1862, 0.6486086003711168, 1863, 0.3834479255270881, 1864, 0.5081612008726073, 1865, 0.45508137819311245, 1866, 0.40041107486075883, 1867, 0.4798322431165879, 1868, 0.5795652950277863, 1869, 0.5012157319010317, 1870, 0.5991382146598898, 1871, 0.554619318394136, 1872, 0.3674722021072173, 1873, 0.4065584959019033, 1874, 0.7665165590986203, 1875, 0.449813912904463, 1876, 0.5567080552175472, 1877, 0.44893525450829763, 1878, 0.43305156707908954, 1879, 0.4298323882336025, 1880, 0.537072573417087, 1881, 0.4378966666313858, 1882, 0.34098327828507974, 1883, 0.6076708697193854, 1884, 0.39926271022825016, 1885, 0.4454810438102566, 1886, 0.3899129097871983, 1887, 0.5834005353037348, 1888, 0.4056193782498356, 1889, 0.374719842276053, 1890, 0.5235696586705383, 1891, 0.4216976596801624, 1892, 0.43866221341556205, 1893, 0.397575018489981, 1894, 0.42332027524521487, 1895, 0.4337823487450709, 1896, 0.46045897300343575, 1897, 0.6012771268093146, 1898, 0.5489971554593526, 1899, 0.4556188101885384, 1900, 0.6010085250804988, 1901, 0.3742941854127265, 1902, 0.4491938854357269, 1903, 0.41016294507363826, 1904, 0.44145984927074317, 1905, 0.4308763476766297, 1906, 0.7940720914638618, 1907, 0.4537361771345967, 1908, 1.1664379771686566, 1909, 0.6988758162971648, 1910, 0.5210448098311204, 1911, 0.6642083056296426, 1912, 0.44866561077596245, 1913, 0.40126247782328484, 1914, 0.4984367474528517, 1915, 0.9686767795109705, 1916, 0.5345242215168228, 1917, 0.5985946090019784, 1918, 0.3992925268699573, 1919, 0.451270061431105, 1920, 0.4929889537673055, 1921, 0.5212723160509154, 1922, 0.43895865748291385, 1923, 0.6375160310169258, 1924, 0.43693713040085164, 1925, 0.43792996536065637, 1926, 0.472051163470672, 1927, 0.4812032576047184, 1928, 0.4353994591760331, 1929, 0.647263400720761, 1930, 0.8621887286173769, 1931, 0.3804823362271204, 1932, 0.4254915364627881, 1933, 0.5231543349136086, 1934, 0.5412295148701876, 1935, 0.37509540781124034, 1936, 0.42909050421578937, 1937, 0.4560809578490176, 1938, 0.5990931431523091, 1939, 0.40888691400906, 1940, 0.4577572827027802, 1941, 0.5340087157720695, 1942, 0.3493033843430838, 1943, 0.6750799988435933, 1944, 0.42612473099511095, 1945, 0.3320303227663726, 1946, 0.3833590889808976, 1947, 0.4712859053395547, 1948, 0.46835811604105404, 1949, 0.368781724226456, 1950, 0.4268205310537805, 1951, 1.4183537609356942, 1952, 0.694416296944189, 1953, 0.48749868398909857, 1954, 0.4575261842499701, 1955, 0.5349202312990105, 1956, 0.4801762140630502, 1957, 0.42749577152305895, 1958, 0.5065191432053605, 1959, 0.577334514927426, 1960, 0.7170919831908994, 1961, 0.3742564381239697, 1962, 0.7576936253146475, 1963, 0.507053927873334, 1964, 0.4745283948639632, 1965, 0.5403538209088593, 1966, 0.9043126139775747, 1967, 0.464523960186339, 1968, 0.5288698883134424, 1969, 0.4129827493938103, 1970, 0.4876394683677099, 1971, 0.5367979436190142, 1972, 0.7096475009229996, 1973, 0.4566825320494725, 1974, 0.5478934443650512, 1975, 0.45602213144784653, 1976, 0.5079685232228722, 1977, 1.2251291598225762, 1978, 0.5231998872426631, 1979, 0.4484808940967245, 1980, 0.41960334392014964, 1981, 0.46363304133359606, 1982, 0.5946148119627195, 1983, 0.622000909479241, 1984, 0.47600264136024606, 1985, 0.7380620215430228, 1986, 0.4042884069299601, 1987, 0.42873664689533186, 1988, 0.43691211486972653, 1989, 0.45540206285069457, 1990, 0.44492823539726783, 1991, 0.3984488181310992, 1992, 0.5699189485278393, 1993, 0.4680588837933643, 1994, 0.4467164728337599, 1995, 0.4372834463871478, 1996, 0.4950586716571191, 1997, 0.4126531717855284, 1998, 0.44449189315276105, 1999, 0.4813420887060943, 2000, 0.5238162565358792]