COMMENT:
run 22: last run has shown good convergence for 1400-item dataset, increasing size up to 1600/1800. Same parameters as run 21
=================MODEL=================
NeuralNetwork(
  (neural_stack): Sequential(
    (0): Linear(in_features=8575, out_features=2048, bias=True)
    (1): LeakyReLU(negative_slope=0.01)
    (2): Linear(in_features=2048, out_features=1024, bias=True)
    (3): LeakyReLU(negative_slope=0.01)
    (4): Linear(in_features=1024, out_features=512, bias=True)
    (5): LeakyReLU(negative_slope=0.01)
    (6): Linear(in_features=512, out_features=256, bias=True)
    (7): LeakyReLU(negative_slope=0.01)
    (8): Linear(in_features=256, out_features=128, bias=True)
    (9): LeakyReLU(negative_slope=0.01)
    (10): Linear(in_features=128, out_features=50, bias=True)
    (11): LeakyReLU(negative_slope=0.01)
    (12): Linear(in_features=50, out_features=30, bias=True)
    (13): LeakyReLU(negative_slope=0.01)
    (14): Linear(in_features=30, out_features=5, bias=True)
    (15): LeakyReLU(negative_slope=0.01)
    (16): Linear(in_features=5, out_features=1, bias=True)
    (17): Sigmoid()
  )
)
================OPTIMIZER================
Adam (
Parameter Group 0
    amsgrad: False
    betas: (0.9, 0.999)
    capturable: False
    decoupled_weight_decay: False
    differentiable: False
    eps: 1e-08
    foreach: None
    fused: None
    lr: 1e-05
    maximize: False
    weight_decay: 0
)
================LOSS FUNC================
BCELoss()
================LOSSES================
[1, 0.7562145229377303, 2, 0.609010741761465, 3, 0.6210953116177707, 4, 0.6786297149436746, 5, 0.5928104215924671, 6, 0.617129803152824, 7, 0.7525691313105727, 8, 0.697765737216996, 9, 0.8332382814623454, 10, 0.5987563594613221, 11, 0.6762358107310948, 12, 0.5503356007506933, 13, 0.5472884420528923, 14, 0.6402867112217379, 15, 0.6956519738905006, 16, 0.6059268597156298, 17, 0.5442699914871232, 18, 0.5640655669140101, 19, 0.6544713167655656, 20, 0.6325826942728907, 21, 0.659184873664762, 22, 0.5995771712197169, 23, 0.6759375393825391, 24, 0.6393076189131044, 25, 0.5428514800857138, 26, 0.7143191155474021, 27, 0.6096482739286834, 28, 0.5771531712073248, 29, 0.6253896535131163, 30, 0.6983842495523463, 31, 0.6687997136061148, 32, 0.5779829460105311, 33, 0.5998179343075816, 34, 0.6732913249867657, 35, 0.7413996847896878, 36, 0.6637762137327906, 37, 0.6380903224702377, 38, 0.5520830844418523, 39, 0.5713974978840249, 40, 0.581479557315694, 41, 0.6981033163822892, 42, 0.6566969116832923, 43, 0.6777249756053962, 44, 0.584565977629353, 45, 0.5997694988381189, 46, 0.6350676661302473, 47, 0.6180182098010994, 48, 0.6122236430907241, 49, 0.7590969663984304, 50, 0.5728198293529227, 51, 0.6097505042668573, 52, 0.7104635504406903, 53, 0.5427306773371758, 54, 0.6310684150592736, 55, 0.633086324345553, 56, 0.68014421361318, 57, 0.769441021796608, 58, 0.674058202169787, 59, 0.6255408941940418, 60, 0.6296065824506597, 61, 0.6707150379401288, 62, 0.68491196101864, 63, 0.8369086405016972, 64, 0.6082171539189929, 65, 0.5508333408832599, 66, 0.6365710670035708, 67, 0.5693785023021009, 68, 0.7388965622985936, 69, 0.5720472251517584, 70, 0.5370876031967328, 71, 0.6113688918044675, 72, 0.6613405151886022, 73, 0.6526961304297227, 74, 0.6295623320097008, 75, 0.4766885673039304, 76, 0.569119471364745, 77, 0.6160657885017337, 78, 0.5746496472276638, 79, 0.6887068941565951, 80, 0.6493421927094132, 81, 0.6080806243617499, 82, 0.6120328127116508, 83, 0.6284647155807884, 84, 0.5373131549336837, 85, 0.7257938652106959, 86, 0.6156144698277111, 87, 0.6545815221895823, 88, 0.5115476658356045, 89, 0.619689067618615, 90, 0.5966927593079241, 91, 0.6749740166307141, 92, 0.5883704789466057, 93, 0.6518458152064619, 94, 0.6137015938455241, 95, 0.6231950819919642, 96, 0.6687822809698787, 97, 0.6954567832704196, 98, 0.5549977981003219, 99, 0.6796346898161936, 100, 0.6135812477714815, 101, 0.5030479312268924, 102, 0.6286672805295328, 103, 0.5919220200880663, 104, 0.774061548332601, 105, 0.5970464047485237, 106, 0.6653405674424443, 107, 0.5570898114342578, 108, 0.6152642211705698, 109, 0.6319591354060219, 110, 0.6566571827227335, 111, 0.6972946002527305, 112, 0.6644819451807619, 113, 0.5186005288384623, 114, 0.5577450422410114, 115, 0.6354696336572772, 116, 0.6001687840069461, 117, 0.6398558886861098, 118, 0.5905403243627689, 119, 0.5861907252619307, 120, 0.6252084835854012, 121, 0.6405959025421025, 122, 0.6304162506338442, 123, 0.5961167654589957, 124, 0.6784262543777025, 125, 0.5982633191384212, 126, 0.606217000173398, 127, 0.7749708774933048, 128, 0.6388071599882789, 129, 0.6200180685113236, 130, 0.6527800587052928, 131, 0.596156060491385, 132, 0.5117333901011089, 133, 0.5647304242873006, 134, 0.66569318086329, 135, 0.6146899427480716, 136, 0.6453797306829316, 137, 0.5539580223899087, 138, 0.564920258212022, 139, 0.627992167074926, 140, 0.6726203233667432, 141, 0.6614240998015711, 142, 0.6700333362947702, 143, 0.6344080811926235, 144, 0.6737464758694213, 145, 0.6860953156308633, 146, 0.652620634092948, 147, 0.5296995000795598, 148, 0.5448558117627716, 149, 0.6390379120966238, 150, 0.696340283985163, 151, 0.6273622757285435, 152, 0.6427405553999583, 153, 0.586018363530681, 154, 0.6093403747457704, 155, 0.5045837114556981, 156, 0.6384799721477191, 157, 0.7060763280835612, 158, 0.7156950203712652, 159, 0.5722455687249128, 160, 0.6560132989160601, 161, 0.6169763838519585, 162, 0.5896352521759667, 163, 0.6086590698486576, 164, 0.5985576195063255, 165, 0.5858933077676115, 166, 0.5910461673013304, 167, 0.6059534443744714, 168, 0.6711806220210275, 169, 0.6149466708785539, 170, 0.5591266573222631, 171, 0.6218030610906928, 172, 0.6360894505824722, 173, 0.5350868462341516, 174, 0.7628685058080628, 175, 0.5846554298188823, 176, 0.5802002361081865, 177, 0.6434161143875458, 178, 0.6662287974306911, 179, 0.6715973281303013, 180, 0.6440647425612054, 181, 0.6509857113991441, 182, 0.6060752824698006, 183, 0.5367885631577479, 184, 0.7223672877225304, 185, 0.5885971747238514, 186, 0.5850439644317297, 187, 0.6549339956840395, 188, 0.639795891097683, 189, 0.6926950826256414, 190, 0.6767130060537452, 191, 0.6646234670975267, 192, 0.5779547904673366, 193, 0.6636838710089538, 194, 0.5912735935692446, 195, 0.6376898243235731, 196, 0.6089713329802381, 197, 0.6676364160660644, 198, 0.5920552785708363, 199, 0.6032750168223462, 200, 0.5247556148676839, 201, 0.6136150049456198, 202, 0.6670459055186808, 203, 0.553097455881528, 204, 0.5852374760522784, 205, 0.7710569420889947, 206, 0.6380683999630553, 207, 0.6649122208499367, 208, 0.6396169011025843, 209, 0.6103154478650239, 210, 0.655569465692265, 211, 0.6386149072823493, 212, 0.5911465269065185, 213, 0.6011332245634834, 214, 0.5860544572214462, 215, 0.6729455036492751, 216, 0.6327966064215182, 217, 0.6389140880194343, 218, 0.6922624699625618, 219, 0.5901899585716985, 220, 0.48856273931557914, 221, 0.6101053548454953, 222, 0.6370720970723044, 223, 0.44838558999351563, 224, 0.5070740552441433, 225, 0.6508804873557188, 226, 0.6616206670943418, 227, 0.5942617783963027, 228, 0.7688829426170742, 229, 0.5242191387853384, 230, 0.5394552868889938, 231, 0.5676684034618804, 232, 0.5992000017675585, 233, 0.626647795885713, 234, 0.5655372626557048, 235, 0.6734272147912306, 236, 0.5341170738018018, 237, 0.681804624177341, 238, 0.6584092294115713, 239, 0.6364017438271894, 240, 0.6849546339817122, 241, 0.6836469474507426, 242, 0.587634606382791, 243, 0.5744929372673405, 244, 0.581311128045333, 245, 0.54894148026027, 246, 0.694127526909072, 247, 0.6471326968224661, 248, 0.5515322765749772, 249, 0.6425439154589152, 250, 0.6888299746186445, 251, 0.6312103991077069, 252, 0.5180560421859977, 253, 0.5397763339683661, 254, 0.5983613774218044, 255, 0.72589328887482, 256, 0.623416789519035, 257, 0.6028646109139956, 258, 0.886912824240022, 259, 0.5786969018509789, 260, 0.6770269428537959, 261, 0.8731441160839201, 262, 0.6022936233557042, 263, 0.581111735657546, 264, 0.5167682581851449, 265, 0.6194777689900753, 266, 0.6129451753837584, 267, 0.5436906119033246, 268, 0.610402412917541, 269, 0.5433556000671499, 270, 0.49033443297672574, 271, 0.5471651571655546, 272, 0.47546522707583766, 273, 0.5580389393557225, 274, 0.9234804821039267, 275, 0.5134614661035629, 276, 0.4632983269279804, 277, 0.5793077986038561, 278, 0.6374113123922723, 279, 0.7054662233215613, 280, 0.7777357937122882, 281, 0.637387325868851, 282, 0.5056717469597232, 283, 0.5445377345412415, 284, 0.570392772574516, 285, 0.5041514302323602, 286, 0.7411262509741426, 287, 0.5470739496063239, 288, 0.5219839828803515, 289, 0.55115250731452, 290, 0.44899405312151597, 291, 0.5175947903421051, 292, 0.5550728508027074, 293, 0.5003159222120801, 294, 0.6084457365299749, 295, 0.5615819308252451, 296, 0.5506762946341688, 297, 0.4926956881017057, 298, 0.6052508872087278, 299, 0.6877285683296364, 300, 0.5798743844925932, 301, 0.654097984475774, 302, 0.5427385825572772, 303, 0.5096529774076846, 304, 0.8029589585853872, 305, 0.6772248999986188, 306, 0.7063601844158126, 307, 0.5222203781038264, 308, 0.4488077995490806, 309, 0.6048302914993359, 310, 0.7255314057921747, 311, 0.5804171666115872, 312, 0.5846041360268601, 313, 0.5167864338583853, 314, 0.581002424153729, 315, 0.5656391461264817, 316, 0.6955425844165275, 317, 0.5560555833415851, 318, 0.953509483534479, 319, 0.5799766572481193, 320, 0.4752485899777646, 321, 0.623616769565301, 322, 0.5559407230836778, 323, 0.5910187511912333, 324, 0.46719906555740776, 325, 0.6091808554972871, 326, 0.39447592592996833, 327, 0.5447862748476208, 328, 0.525807417340286, 329, 0.4859283739469163, 330, 0.44967350228660824, 331, 0.48815889091135095, 332, 0.4839680339061613, 333, 0.43625937000183573, 334, 0.5121808655360435, 335, 0.5189249872467335, 336, 0.6010015924041822, 337, 0.6508915490519652, 338, 0.3256375381578674, 339, 0.48616800445220604, 340, 0.5970931680149795, 341, 0.5904597541488472, 342, 0.49524398077896203, 343, 0.5165703736619949, 344, 0.48182789695244815, 345, 0.6443605012592971, 346, 0.4436235631445926, 347, 0.5417935604776533, 348, 0.53243395507315, 349, 0.48228870399294715, 350, 0.42676144543575345, 351, 0.5314176036730694, 352, 0.4721072400509336, 353, 0.49214219532188097, 354, 0.4511940185150908, 355, 0.4864829418734705, 356, 0.469393832246136, 357, 0.47793460522545445, 358, 0.4205048992624294, 359, 0.9774344815486117, 360, 0.5397123121340358, 361, 0.8248623584791983, 362, 0.3081487069216204, 363, 0.5613873437424179, 364, 0.5721068116424718, 365, 0.42458089883282424, 366, 0.5203115937511552, 367, 0.5032466535046842, 368, 0.4817642346864532, 369, 0.5707033321894992, 370, 0.5580929480817267, 371, 0.41784194257099905, 372, 0.38672734997256203, 373, 0.47131077988526987, 374, 0.5278982186815734, 375, 0.4129160035840467, 376, 0.635279134432355, 377, 0.545407812417441, 378, 0.3807206795777214, 379, 0.4870078764119629, 380, 0.47239732995998374, 381, 0.32958537027537627, 382, 0.4765859510666942, 383, 0.6623526900821485, 384, 0.3590763877373905, 385, 0.5497504460788772, 386, 0.4041372734076687, 387, 0.41665322220367795, 388, 0.48144261511298564, 389, 0.5374046323546556, 390, 0.5166844532328443, 391, 0.5263377052267301, 392, 0.6798515958266793, 393, 0.45634815769857334, 394, 0.5207260401524334, 395, 0.6515738078898158, 396, 0.5746221733202789, 397, 0.5519173769720376, 398, 0.4686425137260381, 399, 0.5290732500538124, 400, 0.5301077716210465, 401, 0.3497990131794289, 402, 0.49432721993161866, 403, 0.5101401575647649, 404, 0.5042235364648486, 405, 0.6926155854712783, 406, 0.3233422257070556, 407, 0.43620261129536675, 408, 0.3203437666996332, 409, 0.4652530598922843, 410, 0.31161951345974237, 411, 0.4084602404439767, 412, 0.34164313101433746, 413, 0.5723420280551849, 414, 0.6413188296984068, 415, 0.5073652073287408, 416, 0.42044621183767633, 417, 0.41655935960442675, 418, 0.2719983884237169, 419, 0.5206468495871603, 420, 0.6040532378990257, 421, 0.5046772577578473, 422, 0.4892071670122118, 423, 0.44956000921703865, 424, 0.8605122244382293, 425, 0.492129359740879, 426, 0.5905192149644333, 427, 0.3342417173069192, 428, 0.46280598816696566, 429, 0.37346586173856855, 430, 0.4436703250376232, 431, 0.5004773297137012, 432, 0.5121911839868537, 433, 0.3820486319197073, 434, 0.29327202818656367, 435, 0.6185968351865146, 436, 0.2831890537488572, 437, 0.39425352553738957, 438, 0.6255970776507184, 439, 0.6321239692828989, 440, 0.40144126897627286, 441, 0.4947137937714094, 442, 0.4398444406784637, 443, 0.4741513146812454, 444, 0.47777218514627384, 445, 0.31977491682925036, 446, 0.3530355630461192, 447, 0.42647610517454293, 448, 0.5039999904305946, 449, 0.31266956208104774, 450, 0.4223012203936449, 451, 0.6902340891624928, 452, 0.4319893767119157, 453, 0.307512034144058, 454, 0.4210048031785002, 455, 0.3153133404223673, 456, 0.2867163265205608, 457, 0.7489029092045265, 458, 0.5259859439152156, 459, 0.41430381662634935, 460, 0.3500265700258943, 461, 0.3613834389761019, 462, 0.5577421462280318, 463, 0.42903048098586305, 464, 0.4963087550527757, 465, 0.49859474654437896, 466, 0.4385304822745528, 467, 0.33596566674637257, 468, 0.5004868322076746, 469, 0.7863368250700223, 470, 0.3780030711195318, 471, 0.6824624221533386, 472, 0.3211114296368163, 473, 0.2479575008705173, 474, 0.2073991232022846, 475, 0.4202982916132913, 476, 0.5100443695967635, 477, 0.40692249508673356, 478, 0.31272448571794415, 479, 0.7130211790404595, 480, 0.46258237641263905, 481, 0.31286519855933065, 482, 0.2736959428520193, 483, 0.5177684765240873, 484, 0.266140166569423, 485, 0.5798068808702922, 486, 0.4170914847773478, 487, 0.5039631868245886, 488, 0.2750293639544986, 489, 0.3056233197481334, 490, 0.48352664057314443, 491, 0.4320582769539906, 492, 0.30898228699721864, 493, 0.32628518949352797, 494, 0.5177523080223619, 495, 0.3580091231609387, 496, 0.34238925130270226, 497, 0.4218882065775323, 498, 0.5189629855377609, 499, 0.4944450737378809, 500, 0.28302249613205893, 501, 0.40367215744610746, 502, 0.39629198276576133, 503, 0.413440119577359, 504, 0.2764431187389645, 505, 0.5124001575203797, 506, 0.5579303179545735, 507, 0.5782157834574547, 508, 0.36655318715870067, 509, 0.39018691435494757, 510, 0.2676644922027, 511, 0.4380647513091788, 512, 0.8085326428696269, 513, 0.3330156653275315, 514, 0.39669361951417664, 515, 0.5270397773626884, 516, 0.35815773051182975, 517, 0.3630154597319594, 518, 0.3101846356340941, 519, 0.31239806544125237, 520, 0.302454136310987, 521, 0.4887588390909129, 522, 0.5565508612784692, 523, 0.3167343402448687, 524, 0.6072004152839187, 525, 0.43855734779974676, 526, 0.5920925487873293, 527, 0.384893822776116, 528, 0.32974266869042357, 529, 0.3558480343142064, 530, 0.3208762575620318, 531, 0.40389689270606866, 532, 0.2641202954262571, 533, 0.42174642955652003, 534, 0.41866781780173795, 535, 0.44263792968604626, 536, 0.24875233165520558, 537, 0.26390758088163035, 538, 0.30454192151041154, 539, 0.318002418596835, 540, 0.6662862652871043, 541, 0.21602103438706918, 542, 0.49475403816310787, 543, 0.3906136621362191, 544, 0.500757844354636, 545, 0.43902682657074704, 546, 0.37777226393928276, 547, 0.3932125230056567, 548, 0.39931341002986204, 549, 0.4156367231950457, 550, 0.301862697770864, 551, 0.4848582797381665, 552, 0.2944989510984282, 553, 0.44514210002981414, 554, 0.27406575724909354, 555, 0.44349104034234466, 556, 0.41669808256257906, 557, 0.4464523140371715, 558, 0.3245395076974717, 559, 0.31705562144136246, 560, 0.2623046404623493, 561, 0.43969164217194234, 562, 0.5285389660990351, 563, 0.3582406303539904, 564, 0.3619809069699825, 565, 0.2637897144205702, 566, 0.6868063936265701, 567, 0.46294678253252664, 568, 0.2818021269020267, 569, 0.3217321433591544, 570, 0.4799238546837746, 571, 0.5513646031307694, 572, 0.2882866284958919, 573, 0.28414530765050217, 574, 0.3557245307719361, 575, 0.1484699837730431, 576, 0.5193682453433018, 577, 0.3873377484506075, 578, 0.24524256227277838, 579, 0.3695492126092711, 580, 0.5846462157654793, 581, 0.45562963793731254, 582, 0.3302027421880362, 583, 0.3767406659360731, 584, 0.4922730716255726, 585, 0.502941980000254, 586, 0.30610427899532183, 587, 0.3444136678572239, 588, 0.3043181529771972, 589, 0.19685761129127016, 590, 0.35735211945338474, 591, 0.4174999020061262, 592, 0.33523921881681035, 593, 0.3991122131160195, 594, 0.37331793957270704, 595, 0.47956867852943724, 596, 0.25179087417455037, 597, 0.3155913078487595, 598, 0.3314661681968181, 599, 0.2945600811815125, 600, 0.2402771832272514, 601, 0.38982810953814045, 602, 0.3503832781924155, 603, 0.38132054690181877, 604, 0.6249288545084172, 605, 0.30756705084091546, 606, 0.2892868285299148, 607, 0.42654485495698535, 608, 0.28180576313524847, 609, 0.4792421336498875, 610, 0.27275341539360115, 611, 0.184864737618199, 612, 0.2586697200034248, 613, 0.24932393117585777, 614, 0.32887603060374365, 615, 0.7284061293151441, 616, 0.47509877448595444, 617, 0.42156520573161765, 618, 0.3491197760549888, 619, 0.4740838655090215, 620, 0.47018423095376405, 621, 0.3355087477682634, 622, 0.34722223825509885, 623, 0.29275550722769983, 624, 0.45882832420062436, 625, 0.43986021366817357, 626, 0.4567616511749604, 627, 0.46766761277927577, 628, 0.29119470245467866, 629, 0.34805089539689293, 630, 0.36716236402080116, 631, 0.42749501505631265, 632, 0.31316816970420774, 633, 0.5758875240171109, 634, 0.4239415017229496, 635, 0.4901712215685377, 636, 0.9916822043007267, 637, 0.2822091125005588, 638, 0.3562683584193257, 639, 0.463818027980162, 640, 0.2528443499958778, 641, 0.3776828199358562, 642, 0.2963962319473964, 643, 0.565435007409196, 644, 0.2789465864105912, 645, 0.24667742423092606, 646, 0.28180960946044425, 647, 0.3546708929435265, 648, 0.3678587228133384, 649, 0.36531493228068607, 650, 0.28609669640652274, 651, 0.374875577293236, 652, 0.23626993144885322, 653, 0.3930930836590527, 654, 0.27258262568033015, 655, 0.30740929042145826, 656, 0.3205914429430356, 657, 0.25973571444821275, 658, 0.1939135722001737, 659, 0.33602581306273255, 660, 0.23663422984201818, 661, 0.40496716964864626, 662, 0.28795535097668856, 663, 0.44186402594587637, 664, 0.30922750076355426, 665, 0.38371207232576265, 666, 0.4243661765346749, 667, 0.20513078540931362, 668, 0.2782292633120903, 669, 0.2853800303150267, 670, 0.460631252766586, 671, 0.6913812767584802, 672, 0.23266555142221493, 673, 0.14977763567182642, 674, 0.8477803511028985, 675, 0.3154777067010339, 676, 0.46745928839269646, 677, 0.3051965752392399, 678, 0.5472162016019996, 679, 0.31856105773088117, 680, 0.17636000889449444, 681, 0.2881339414369898, 682, 0.26260325539460744, 683, 0.2449400275288695, 684, 0.21314334338086727, 685, 0.22141935327769796, 686, 0.2702498932103899, 687, 0.3661041831305504, 688, 0.31713102300381524, 689, 0.2848479862378371, 690, 0.6285341718607108, 691, 0.2830935276767274, 692, 0.36752719217231733, 693, 0.31520040985400805, 694, 0.264079166598926, 695, 0.3534148169245924, 696, 0.3301887939436735, 697, 0.34663131033496003, 698, 0.1932744139936698, 699, 0.2958345817096675, 700, 0.33376692901363564, 701, 0.1649967563757346, 702, 0.2848626651467627, 703, 0.4249179182013724, 704, 0.26093579087961766, 705, 0.4191861848676588, 706, 0.29276687751951636, 707, 0.4127707253624687, 708, 0.2462661344035949, 709, 0.42269150902967206, 710, 0.39038394486740285, 711, 0.3358235384916206, 712, 0.3068648872564124, 713, 0.22652646298856244, 714, 0.21992544476789924, 715, 0.3098167005014414, 716, 0.2806727082017215, 717, 0.2833544834831315, 718, 0.34275872812192393, 719, 0.32564717341205124, 720, 0.2003924459878904, 721, 0.39965125785569877, 722, 0.24497279435671518, 723, 0.35059524600592235, 724, 0.28736057196843134, 725, 0.1520342085143477, 726, 0.434068033410972, 727, 0.2652228845029458, 728, 0.3092507913979618, 729, 0.4126885277357495, 730, 0.3678553527621263, 731, 0.16969665333804337, 732, 0.21043822493652964, 733, 0.8736954623402908, 734, 0.5205725935967144, 735, 0.3379773813894301, 736, 0.24668401082383806, 737, 0.2350151950840889, 738, 0.2980046754760536, 739, 0.25318627279846867, 740, 0.33569321116700773, 741, 0.42119004528061244, 742, 0.29109756684115595, 743, 0.3153418893039504, 744, 0.2399669411455388, 745, 0.45612405871967143, 746, 0.27708090415638004, 747, 0.2696213537315109, 748, 0.31167554602875247, 749, 0.37334201241130127, 750, 0.31982189127999766, 751, 0.32261874202417146, 752, 0.26419703539429035, 753, 0.2813344351014164, 754, 0.39940899857982043, 755, 0.30225655985499783, 756, 0.2747495633749608, 757, 0.20671046006016958, 758, 0.5067281919178277, 759, 0.49629116656987726, 760, 0.3867151820842642, 761, 0.3592044470278527, 762, 0.565675966663552, 763, 0.5207169912978258, 764, 0.3538261533312832, 765, 0.2787030771372418, 766, 0.2829522257980375, 767, 0.2653681407886068, 768, 0.23982152363599882, 769, 0.33634855991419726, 770, 0.3943898188047992, 771, 0.10659681433182541, 772, 0.2640147223331206, 773, 0.3023988876202587, 774, 0.2051156283175661, 775, 0.20237508958878625, 776, 0.2733957691732439, 777, 0.16244187629839174, 778, 0.34252952192403013, 779, 0.17938568768428237, 780, 0.3116004910360008, 781, 0.35715230975203477, 782, 0.1877398668296309, 783, 0.22763849831900643, 784, 0.2803306222982918, 785, 0.23572587640651435, 786, 0.2282830079894947, 787, 0.27162684128768166, 788, 0.33412560761322463, 789, 0.2951762179240085, 790, 0.34136428190304036, 791, 0.4836560383197738, 792, 0.1800607755067922, 793, 0.31070993485561904, 794, 0.339503593112011, 795, 0.30431603344836955, 796, 0.46808137313247555, 797, 0.4271717198781425, 798, 0.37234234709261627, 799, 0.6095107444686385, 800, 0.4829667384191386, 801, 0.2631476864057371, 802, 0.3831624671282505, 803, 0.40246824483813476, 804, 0.2506656313220285, 805, 0.2648533444993325, 806, 0.46582594895284596, 807, 0.2859350132043609, 808, 0.2747855315998745, 809, 0.3417321897136956, 810, 0.2656734321693493, 811, 0.3482540365893516, 812, 0.4381856145515586, 813, 0.49492770249654416, 814, 0.3495653203259534, 815, 0.23016410768712828, 816, 0.2301956546385392, 817, 0.21381865235509184, 818, 0.42886146279789394, 819, 0.21796282415175458, 820, 0.36548841040313074, 821, 0.4146969927137573, 822, 0.5569806026117179, 823, 0.29478102077276636, 824, 0.2062388980081118, 825, 0.30612853929382144, 826, 0.2741458519331021, 827, 0.23890371946227254, 828, 0.30909467649588934, 829, 0.34367612401438336, 830, 0.2567917449379292, 831, 0.21452547842570485, 832, 0.2550324943588618, 833, 0.4268391820634088, 834, 0.2970146353442258, 835, 0.19594864459332864, 836, 0.5741884715143223, 837, 0.26546904498610296, 838, 0.5233145967204177, 839, 0.11766778841669205, 840, 0.26799212675310213, 841, 0.3086370759014169, 842, 0.20589236413792467, 843, 0.17778984403308792, 844, 0.6390165129557446, 845, 0.23806891238836922, 846, 0.7703855571569733, 847, 0.33714903843773103, 848, 0.28888030300104656, 849, 0.1815446589549411, 850, 0.2254716450627941, 851, 0.9259181994266867, 852, 0.15820338433048464, 853, 0.28411120489529346, 854, 0.5418807334542706, 855, 0.5611691698994034, 856, 0.22342180631370093, 857, 0.2114749882002583, 858, 0.33947719668406584, 859, 0.3540994320192369, 860, 0.5687878504687733, 861, 0.24439196101272095, 862, 0.39255527433717713, 863, 0.37342788811277383, 864, 0.375988661192866, 865, 0.23455501412537394, 866, 0.27343667374641956, 867, 0.3568603482116487, 868, 0.2895913268262166, 869, 0.2506711940751188, 870, 0.3397048897832547, 871, 0.2819368855849297, 872, 0.28095565187377075, 873, 0.09643504354954818, 874, 0.3533991875854499, 875, 0.47209058427694295, 876, 0.3140148574180404, 877, 0.3471075410103567, 878, 0.44943508739258853, 879, 0.2563538209458865, 880, 0.648540287474006, 881, 0.3270601371452532, 882, 0.40461627934449174, 883, 0.38285837495095054, 884, 0.26810096022180935, 885, 0.23030088110462615, 886, 0.4249973412791429, 887, 0.21171044137724732, 888, 0.2821507284971997, 889, 0.15045809534612198, 890, 0.1454342949051751, 891, 0.22088672987535288, 892, 0.2851163180859295, 893, 0.6218753371226512, 894, 0.34075250881558683, 895, 0.228568124032694, 896, 0.34026193293380114, 897, 0.6539072263331106, 898, 0.2641352747829665, 899, 0.30525860549725853, 900, 0.29125153689250693, 901, 0.33443727019491976, 902, 0.4180287114066638, 903, 0.3102660573527897, 904, 0.33050204058336435, 905, 0.29258056670974647, 906, 0.4654259063551489, 907, 0.3444884865411737, 908, 0.3177466676806644, 909, 0.1523057176325958, 910, 0.2301954986210899, 911, 0.3482700208989123, 912, 0.29683970968215295, 913, 0.7112097150891814, 914, 0.3492213101961859, 915, 0.3647774713474542, 916, 0.2531884848347066, 917, 0.09853949118774903, 918, 0.5553776495020973, 919, 0.15559375042830312, 920, 0.15820332454381442, 921, 0.25841721606232865, 922, 0.5490358058499584, 923, 0.27229677954108067, 924, 0.22789023711621356, 925, 0.26978261163941125, 926, 0.19740435160558126, 927, 0.39285328189184815, 928, 0.3917039551548694, 929, 0.3957232076555985, 930, 0.37479159606027423, 931, 0.6108545310743102, 932, 0.32445583394874333, 933, 0.29026219626214617, 934, 0.18958528287693593, 935, 0.2137542907609194, 936, 0.23403633318477438, 937, 0.3203678669228779, 938, 0.1170971154716052, 939, 0.16360508303146423, 940, 0.7472043741172657, 941, 0.2201178855639398, 942, 0.25102041390862595, 943, 0.5035746612389537, 944, 0.26601565528889387, 945, 0.2988668637234577, 946, 0.299134852356527, 947, 0.3642461770435134, 948, 0.19911646394158072, 949, 0.35658430045486544, 950, 0.2827081016717032, 951, 0.22708368676254412, 952, 0.27482316204817114, 953, 0.26696566365623803, 954, 0.33726500814127114, 955, 0.23958785788917622, 956, 0.25934404636545144, 957, 0.29226826434351294, 958, 0.17822039028048892, 959, 0.1827326915198496, 960, 0.25747845446466794, 961, 0.3138039820200379, 962, 0.3139688128396538, 963, 0.41041377565093284, 964, 0.26144073109598326, 965, 0.5438643363140234, 966, 0.36067129118897967, 967, 0.46413439150281016, 968, 0.36130855145671664, 969, 0.21022210430403862, 970, 0.19727186195947788, 971, 1.3404669388431327, 972, 0.24445809865885532, 973, 0.5133603573124201, 974, 0.3095171518209676, 975, 0.23849123580243478, 976, 0.19913367962824438, 977, 0.1592558152235518, 978, 0.26148959625403695, 979, 0.42810880467876694, 980, 0.21756843175886625, 981, 0.5046947140482119, 982, 0.34505403205474416, 983, 0.2159154953471235, 984, 0.36945815709274754, 985, 0.16850774683110303, 986, 0.5168205377377696, 987, 0.14388820326986887, 988, 0.4771624264125288, 989, 0.17344920582825982, 990, 0.37682382865290387, 991, 0.17873793592119552, 992, 0.22888042780777768, 993, 0.20923899456170234, 994, 0.25646057416291657, 995, 0.3235983922301963, 996, 0.25956962888719254, 997, 0.12743053807812565, 998, 0.2565123618048862, 999, 0.21564367296285797, 1000, 0.22240819219475802]