COMMENT:
run 18: same as before, 1000/1800, 800epochs, bce, adam, bs30, test run with new lr 1e-4 -> 5e-5. last model saved for future testing
=================MODEL=================
NeuralNetwork(
  (neural_stack): Sequential(
    (0): Linear(in_features=8575, out_features=2048, bias=True)
    (1): LeakyReLU(negative_slope=0.01)
    (2): Linear(in_features=2048, out_features=1024, bias=True)
    (3): LeakyReLU(negative_slope=0.01)
    (4): Linear(in_features=1024, out_features=512, bias=True)
    (5): LeakyReLU(negative_slope=0.01)
    (6): Linear(in_features=512, out_features=256, bias=True)
    (7): LeakyReLU(negative_slope=0.01)
    (8): Linear(in_features=256, out_features=128, bias=True)
    (9): LeakyReLU(negative_slope=0.01)
    (10): Linear(in_features=128, out_features=50, bias=True)
    (11): LeakyReLU(negative_slope=0.01)
    (12): Linear(in_features=50, out_features=30, bias=True)
    (13): LeakyReLU(negative_slope=0.01)
    (14): Linear(in_features=30, out_features=5, bias=True)
    (15): LeakyReLU(negative_slope=0.01)
    (16): Linear(in_features=5, out_features=1, bias=True)
    (17): Sigmoid()
  )
)
================OPTIMIZER================
SimulatedAnnealing ()Adam (
Parameter Group 0
    amsgrad: False
    betas: (0.9, 0.999)
    capturable: False
    decoupled_weight_decay: False
    differentiable: False
    eps: 1e-08
    foreach: None
    fused: None
    lr: 5e-05
    maximize: False
    weight_decay: 0
)
================LOSS FUNC================
BCELoss()
================LOSSES================
[1, 0.436158692310419, 2, 0.3910005505394813, 3, 0.1807194451069412, 4, 0.24437068779218998, 5, 0.32631940167622797, 6, 0.14944294934741942, 7, 0.45381361419798183, 8, 0.3250868772050553, 9, 0.409818729986017, 10, 0.3305011746089917, 11, 0.45121450094613363, 12, 0.3383651580849968, 13, 0.24250075142234173, 14, 0.24819110577594575, 15, 0.3297866551039937, 16, 0.31858762004645236, 17, 0.3332861027345574, 18, 0.14424961154636703, 19, 0.5205175985891659, 20, 0.3993060257165995, 21, 0.17230524164284242, 22, 0.3224726392144761, 23, 0.4553043283121593, 24, 0.2652739529941865, 25, 0.49199982223852134, 26, 0.46840713928076966, 27, 0.5299471824722414, 28, 0.16852767346474937, 29, 0.3921763339632195, 30, 0.4120995613905008, 31, 0.2447248074923722, 32, 0.24561078116330465, 33, 0.325920285906495, 34, 0.42046789192739326, 35, 0.18089617167105426, 36, 0.08626066114053005, 37, 0.32206687259710276, 38, 0.3193006946349523, 39, 0.33163921000581537, 40, 0.403461367211856, 41, 0.5126978447038802, 42, 0.17517924937952925, 43, 0.15261505284008695, 44, 0.16614938841159244, 45, 0.243346193411518, 46, 0.38621356964268877, 47, 0.3911993479609347, 48, 0.15855724781618472, 49, 0.4199449938505376, 50, 0.0804618681879664, 51, 0.4962153504068849, 52, 0.2476117596661438, 53, 0.2440652303217302, 54, 0.3234782462120471, 55, 0.25691114405654464, 56, 0.32450483137110564, 57, 0.32394192854491344, 58, 0.22218712868456883, 59, 0.3991486428852829, 60, 0.1532859928351753, 61, 0.24433536287890795, 62, 0.2601259368176826, 63, 0.3184217687054355, 64, 0.40203072777529447, 65, 0.3144831350912094, 66, 0.24336994898235884, 67, 0.38774844117986507, 68, 0.32733012617576934, 69, 0.4731388971108394, 70, 0.4498067419262795, 71, 0.38422809048187145, 72, 0.26067219663461993, 73, 0.32300698691306934, 74, 0.32146675047499795, 75, 0.31964632737459553, 76, 0.5058922271862936, 77, 0.32216431608521057, 78, 0.46965603113025106, 79, 0.09210168449609345, 80, 0.2365767841225478, 81, 0.3934776426120991, 82, 0.4942406292465357, 83, 0.3827627064702117, 84, 0.3136625013291667, 85, 0.23541063271401352, 86, 0.3095257276339698, 87, 0.1623319927816644, 88, 0.3853247801364998, 89, 0.3145704252967684, 90, 0.24865436690379533, 91, 0.26063560679082937, 92, 0.3294756186679379, 93, 0.2506708281994316, 94, 0.5396632362180062, 95, 0.31945173523885706, 96, 0.2656628444650023, 97, 0.18346912505403967, 98, 0.39775435114002067, 99, 0.4539976641419253, 100, 0.5018680944582169, 101, 0.3108582403533987, 102, 0.46427871645056323, 103, 0.45543885167540593, 104, 0.3765338823575289, 105, 0.337939746475189, 106, 0.3972953852767889, 107, 0.4069804629674761, 108, 0.5096758534374068, 109, 0.4194341263944382, 110, 0.3741891750687611, 111, 0.25176277992609314, 112, 0.2330895991695456, 113, 0.22615781113565517, 114, 0.15585808830857983, 115, 0.3748941674899818, 116, 0.2226549420109011, 117, 0.04774601798357304, 118, 0.15966916637792966, 119, 0.2450790498981905, 120, 0.2337699661771247, 121, 0.3302500657941921, 122, 0.20227196548416904, 123, 0.15962361090059465, 124, 0.17433944527025544, 125, 0.6129399511928327, 126, 0.22247883940242114, 127, 0.4503356586712172, 128, 0.4620732119323411, 129, 0.5062746376144305, 130, 0.29369618515275947, 131, 0.2510611044366206, 132, 0.3861276493284401, 133, 0.19029018702239123, 134, 0.2505174094785457, 135, 0.4377888196405808, 136, 0.12205047645137039, 137, 0.20785006025135075, 138, 0.38098542948962544, 139, 0.12005827569890376, 140, 0.14963460293105005, 141, 0.5871990871433614, 142, 0.3891733170112271, 143, 0.37247705498593275, 144, 0.18418198529354832, 145, 0.25714186797046296, 146, 0.40588592765146525, 147, 0.46578469224248675, 148, 0.14932886916164348, 149, 0.3040009415041994, 150, 0.4972484242324473, 151, 0.41517212656846514, 152, 0.6362081339548649, 153, 0.4919620019894296, 154, 0.21981266200674435, 155, 0.3933504661988927, 156, 0.4736232368125199, 157, 0.5799813565323044, 158, 0.5653296694839031, 159, 0.23490473365899545, 160, 0.2512508109354715, 161, 0.15502132413913727, 162, 0.3307038907742138, 163, 0.3070695086940674, 164, 0.3069572725792679, 165, 0.31482434734502324, 166, 0.30130781754687763, 167, 0.21545381314449863, 168, 0.3783705373263078, 169, 0.2553615264746508, 170, 0.3465840773368473, 171, 0.3258897723965267, 172, 0.22912609797719513, 173, 0.22788425948468502, 174, 0.14310208995527465, 175, 0.35230857145679334, 176, 0.3169804595804076, 177, 0.1686100016522207, 178, 0.14306119311136495, 179, 0.3675181347109709, 180, 0.36284835034117957, 181, 0.20890366508158628, 182, 0.3681320629435877, 183, 0.0657356987209362, 184, 0.17654971589893764, 185, 0.39730644071310095, 186, 0.39187353076114895, 187, 0.3239045757783652, 188, 0.3659035901300838, 189, 0.28190846968161865, 190, 0.38556960416410124, 191, 0.29445732170636657, 192, 0.23958099228029497, 193, 0.05915311421393022, 194, 0.1606149203438497, 195, 0.3698895824656073, 196, 0.1681061827202192, 197, 0.5617885923893453, 198, 0.2619170664310521, 199, 0.2668340831190503, 200, 0.31649933207824155, 201, 0.25980821733129494, 202, 0.44434326836592514, 203, 0.307573504996925, 204, 0.1723101545340894, 205, 0.3165875227597338, 206, 0.3104320246009319, 207, 0.15069932111443693, 208, 0.24830521462782487, 209, 0.27428954306684034, 210, 0.39297525834982366, 211, 0.1637004770762226, 212, 0.17169471158432406, 213, 0.1761758884163437, 214, 0.2528137800656823, 215, 0.13782189474508202, 216, 0.10889629142734182, 217, 0.15300446509334606, 218, 0.24620868880171884, 219, 0.1450878985648599, 220, 0.3658901370420479, 221, 0.3255067120569321, 222, 0.24217276643222654, 223, 0.22374398940090753, 224, 0.2660791333688401, 225, 0.0938519199435491, 226, 0.1934273341543537, 227, 0.27783877359924997, 228, 0.5133329735927584, 229, 0.28385464056510296, 230, 0.3453302831097427, 231, 0.23178389467400387, 232, 0.3333525022977585, 233, 0.2977779257329332, 234, 0.2644777322694448, 235, 0.4530706113536947, 236, 0.3569317347750144, 237, 0.3198845723414081, 238, 0.49591973086978125, 239, 0.25514267690896597, 240, 0.23781620505377438, 241, 0.22785348583294346, 242, 0.1257817319049794, 243, 0.30272138199024384, 244, 0.3246165129195634, 245, 0.21764397892164764, 246, 0.3153421711875748, 247, 0.19046091642604362, 248, 0.17149315470238205, 249, 0.13552960578795623, 250, 0.3873048746181111, 251, 0.5843683127352887, 252, 0.20101805347721294, 253, 0.3893735379764027, 254, 0.45814860946920705, 255, 0.24921981347812644, 256, 0.14917335937008253, 257, 0.1785644380049374, 258, 0.2655755202852554, 259, 0.3221186110438125, 260, 0.24891166077804316, 261, 0.21432714517845575, 262, 0.15933334540054525, 263, 0.36772257191483426, 264, 0.30804049435502084, 265, 0.386765238358178, 266, 0.20125644396582615, 267, 0.295610765026847, 268, 0.48737368449332336, 269, 0.42309975066661454, 270, 0.21466774569000863, 271, 0.11369697369282299, 272, 0.324616249465325, 273, 0.28724407009856273, 274, 0.34425646087374495, 275, 0.37584720207083294, 276, 0.06442709032994681, 277, 0.36470679823231045, 278, 0.2699695102152927, 279, 0.17920438935103356, 280, 0.25441657121711286, 281, 0.31060574135774005, 282, 0.3066534190461406, 283, 0.1248717244452382, 284, 0.057328103953839284, 285, 0.1432367112162392, 286, 0.23522406789797354, 287, 0.14251768066829243, 288, 0.21425146848843818, 289, 0.24640442824449132, 290, 0.20376691071118078, 291, 0.26187045046849333, 292, 0.12400792936946058, 293, 0.05787829091473765, 294, 0.23285147815967783, 295, 0.1524951476042385, 296, 0.18761622922429444, 297, 0.3428543476982236, 298, 0.2736229628589118, 299, 0.22731444070662696, 300, 0.17074562157635806, 301, 0.1615260354036744, 302, 0.2911047256483116, 303, 0.08092033791254818, 304, 0.19626902651230155, 305, 0.30589892429703425, 306, 0.06541092606507451, 307, 0.023785686259020857, 308, 0.1444677698288669, 309, 0.16890796272410707, 310, 0.17603449014728403, 311, 0.35551872990700956, 312, 0.19806953540382455, 313, 0.08199903950694479, 314, 0.09830325721126577, 315, 0.41233918101110023, 316, 0.4049089149326719, 317, 0.256497831801302, 318, 0.13262530056832206, 319, 0.276758912506768, 320, 0.11685415180314077, 321, 0.13184940132774045, 322, 0.19819837162565618, 323, 0.035193772839429247, 324, 0.2801973270534386, 325, 0.4280266668833436, 326, 0.20561047117213527, 327, 0.2971179729952786, 328, 0.17476910853604027, 329, 0.33741251610159656, 330, 0.2968417052244448, 331, 0.10340399896716139, 332, 0.1495520671877264, 333, 0.14066085069534245, 334, 0.12129351823478221, 335, 0.28124908804421167, 336, 0.29154965658851056, 337, 0.05915550603791434, 338, 0.1838721353404159, 339, 0.28897847345134947, 340, 0.1908832377690013, 341, 0.09182494116482193, 342, 0.2467904419334123, 343, 0.1598190694670258, 344, 0.26820089640491684, 345, 0.09299782794125341, 346, 0.20494038401775508, 347, 0.27162070152415424, 348, 0.23970616397473038, 349, 0.033366439675703824, 350, 0.20483342781284924, 351, 0.0811397650792553, 352, 0.08381327780696426, 353, 0.14526002332091936, 354, 0.016001908796200434, 355, 0.16004598366313025, 356, 0.2281803072829816, 357, 0.14849437922149203, 358, 0.14652534933449532, 359, 0.10897663554324881, 360, 0.2856888294916209, 361, 0.15396576174390283, 362, 0.12373066586926239, 363, 0.11921283641984554, 364, 0.4216517254783216, 365, 0.2517578570848878, 366, 0.15073180215924376, 367, 0.2210614499807158, 368, 0.3284748733276935, 369, 0.40186477279875066, 370, 0.21953146597095052, 371, 0.350737846731954, 372, 0.029789097669508227, 373, 0.23577772192256055, 374, 0.17717908246463723, 375, 0.20687002759426326, 376, 0.11140745315858672, 377, 0.35848597236080537, 378, 0.2856700532699922, 379, 0.16336723444026588, 380, 0.35482379805208547, 381, 0.1909551785576145, 382, 0.20143087407777158, 383, 0.2194455276965509, 384, 0.1797060387004614, 385, 0.12401246945525318, 386, 0.08378613011001665, 387, 0.19780314087788484, 388, 0.03673165700796342, 389, 0.08486555038699899, 390, 0.4254150770924932, 391, 0.06816803601368587, 392, 0.22518680261323093, 393, 0.14073910749880017, 394, 0.07563418326572018, 395, 0.1557492704589015, 396, 0.4301193604670237, 397, 0.024397538938313274, 398, 0.24224962316116905, 399, 0.055431774322697344, 400, 0.17749234316410734, 401, 0.15387474292070236, 402, 0.22725312168726364, 403, 0.05100336167996311, 404, 0.2742758636766192, 405, 0.2437918823516549, 406, 0.4317593095435066, 407, 0.4212074562054795, 408, 0.06995889386773933, 409, 0.36071254525361623, 410, 0.17459100074876524, 411, 0.07348498102792148, 412, 0.08302494772861294, 413, 0.055837450505044066, 414, 0.2420280535192242, 415, 0.04247052976005509, 416, 0.13651109881337134, 417, 0.1414448013636618, 418, 0.18184322443409578, 419, 0.31903402456021995, 420, 0.18295824921723755, 421, 0.15426278006604457, 422, 0.03455421185297754, 423, 0.12342418641245609, 424, 0.4067169576565671, 425, 0.4948109645629869, 426, 0.15255357592554827, 427, 0.18644242062150862, 428, 0.12084413687782888, 429, 0.06258224173886406, 430, 0.2157354799097105, 431, 0.1334390315980924, 432, 0.38492487147129567, 433, 0.19198662693689747, 434, 0.2585927465195999, 435, 0.2195139735954007, 436, 0.24439803087402587, 437, 0.23283786914739835, 438, 0.1261444499780267, 439, 0.13924690222822142, 440, 0.20204826335996812, 441, 0.265513985365885, 442, 0.10812348989886522, 443, 0.22993714782584854, 444, 0.2459825942539618, 445, 0.2849785371272894, 446, 0.20499270276147613, 447, 0.2004860782978487, 448, 0.6629412855821187, 449, 0.2288046678870816, 450, 0.09531937726998548, 451, 0.14017101013358504, 452, 0.23475314959238822, 453, 0.20107162535748088, 454, 0.1240929789838934, 455, 0.012612134728112652, 456, 0.13805206605543527, 457, 0.15667987157128957, 458, 0.3816327646733154, 459, 0.34123789000920746, 460, 0.15802902366868957, 461, 0.1825262619366782, 462, 0.39783783797309674, 463, 0.40849642859243535, 464, 0.2373923606616403, 465, 0.22223035689965207, 466, 0.1187968851211562, 467, 0.15193846776513228, 468, 0.37648017773816406, 469, 0.08063400349264806, 470, 0.17090236554453422, 471, 0.1175348956946813, 472, 0.2609498350351705, 473, 0.15007241049908968, 474, 0.987710351855559, 475, 0.20665624606830654, 476, 0.14019490443659263, 477, 0.1916376979669171, 478, 0.27353976176599915, 479, 0.26146377610565197, 480, 0.2634574230265369, 481, 0.22385344564563914, 482, 0.18327427473755672, 483, 0.1958490832609014, 484, 0.25599839093366644, 485, 0.30049120827538034, 486, 0.24593223807057335, 487, 0.22920993942215276, 488, 0.28366169534989166, 489, 0.6091782533244557, 490, 0.3164194168205281, 491, 0.3419656024079266, 492, 0.24920891386214836, 493, 0.05323121450014318, 494, 0.5147319724567742, 495, 0.1907497013652658, 496, 0.40797931172205454, 497, 0.15001624450821685, 498, 0.2629554188370176, 499, 0.44674526643572643, 500, 0.21219358281368236, 501, 0.13949977608121594, 502, 0.2163857642307625, 503, 0.17261491174065366, 504, 0.14700663521443363, 505, 0.22052598164702353, 506, 0.15232464725397138, 507, 0.29834221875666456, 508, 0.3377090580680234, 509, 0.14803573037736442, 510, 0.20219302728969044, 511, 0.09811570062691435, 512, 0.3180904857983606, 513, 0.12147913994766482, 514, 0.09063848687950887, 515, 0.025113056511256046, 516, 0.2859269036257744, 517, 0.09615273771379561, 518, 0.46193101940824005, 519, 0.07413478515835834, 520, 0.2147992637028892, 521, 0.10729280740557597, 522, 0.2774020880179015, 523, 0.28584497317404345, 524, 0.04715305382682004, 525, 0.06889110558215995, 526, 0.40297411815726686, 527, 0.17080048389409697, 528, 0.15176770164741538, 529, 0.12128199943056832, 530, 0.2217251671986252, 531, 0.23591631876486177, 532, 0.12736632268590978, 533, 0.27909965473865905, 534, 0.19742963629399576, 535, 0.15482898970902034, 536, 0.10327733264590482, 537, 0.21767509247605668, 538, 0.10733674957741486, 539, 0.18018382299592398, 540, 0.3305129917779782, 541, 0.0921607569942044, 542, 0.16039024594392176, 543, 0.1330970493372255, 544, 0.16153131423015007, 545, 0.17168484249583216, 546, 0.3076134225271106, 547, 0.13735774604678505, 548, 0.3679774603220879, 549, 0.09434186836214936, 550, 0.14440653382482138, 551, 0.06190453604687721, 552, 0.12603327513101226, 553, 0.12963893920077815, 554, 0.09198068381918129, 555, 0.18911090741118214, 556, 0.1442587547765979, 557, 0.026825793940197348, 558, 0.24543138470740436, 559, 0.13997256757519808, 560, 0.1377154929125865, 561, 0.2588967266267102, 562, 0.2052539955991959, 563, 0.23140543312444387, 564, 0.15727405845530948, 565, 0.23487407198242566, 566, 0.27393017670665637, 567, 0.28305324158619954, 568, 0.12881075807420259, 569, 0.2485655103942838, 570, 0.2449367156691928, 571, 0.1388680982830572, 572, 0.21811555663662477, 573, 0.1776195929934895, 574, 0.2048201851969979, 575, 0.4041031660876747, 576, 0.3796137744068405, 577, 0.13533026008182705, 578, 0.36383621528330523, 579, 0.2312640306259451, 580, 0.3587408514236976, 581, 0.26515076881744376, 582, 0.3494641458647433, 583, 0.20985878582066805, 584, 0.12546485012245256, 585, 0.4108503438114548, 586, 0.22962302091686052, 587, 0.14845128850131425, 588, 0.3693195365126976, 589, 0.5268493328701139, 590, 0.5721703805281066, 591, 0.30146269073057785, 592, 0.2898274024400543, 593, 0.29095888415361404, 594, 0.11675839838812128, 595, 0.23696908615705176, 596, 0.03528619247118023, 597, 0.04323900321180379, 598, 0.03522113837579934, 599, 0.26853566469130996, 600, 0.12336745721714824, 601, 0.27571195249057984, 602, 0.22388584675155476, 603, 0.17159437048967138, 604, 0.17083852732534813, 605, 0.21230751917622825, 606, 0.14900129892932573, 607, 0.23888605859266623, 608, 0.07296689398553109, 609, 0.0799685021330199, 610, 0.25325836349584907, 611, 0.48146892113476275, 612, 0.20374567839800536, 613, 0.1606619562331185, 614, 0.5427795707495513, 615, 0.07703078774456053, 616, 0.47885517432441665, 617, 0.35935568814918806, 618, 0.3650905937707602, 619, 0.11142931639451598, 620, 0.2893079016981194, 621, 0.31309670781743576, 622, 0.30958339835658905, 623, 0.2640357497006106, 624, 0.03168585693666776, 625, 0.15137908330123576, 626, 0.03330277449772222, 627, 0.256392706874662, 628, 0.2786832188688513, 629, 0.18035022362505723, 630, 0.14270735124232223, 631, 0.34325405488298827, 632, 0.3287155926995128, 633, 0.38131152417939196, 634, 0.14584420521626995, 635, 0.2712485854690871, 636, 0.2169460735837336, 637, 0.23879586192114433, 638, 0.0884904891901478, 639, 0.219935314270641, 640, 0.29122508432621014, 641, 0.2756497156707564, 642, 0.13816744638244613, 643, 0.24603365177809292, 644, 0.44635650710240676, 645, 0.1015297484168805, 646, 0.06614185172764633, 647, 0.0430937752702394, 648, 0.402535496340559, 649, 0.15160714376673112, 650, 0.1835526598106389, 651, 0.15138719317251068, 652, 0.028563923341511914, 653, 0.23657706886618385, 654, 0.29641625993774245, 655, 0.09327569203864856, 656, 0.12290901810835386, 657, 0.2894317398894108, 658, 0.07335368615945081, 659, 0.07083842846026363, 660, 0.0483679560503425, 661, 0.2289684728944553, 662, 0.15208243850769163, 663, 0.23811627900350404, 664, 0.37921108015482335, 665, 0.2103619263492752, 666, 0.30336856898787457, 667, 0.11891702240035279, 668, 0.1754391526680735, 669, 0.18315454063647502, 670, 0.08845211893955171, 671, 0.2235127199792459, 672, 0.1402747372826556, 673, 0.3249732450983219, 674, 0.10465281739164063, 675, 0.0892458023141758, 676, 0.16964697123923242, 677, 0.31990489003024863, 678, 0.13380697606422112, 679, 0.12529219141801481, 680, 0.10782505428639921, 681, 0.17700077184175017, 682, 0.38442062675885347, 683, 0.22584786194224266, 684, 0.3401388775801096, 685, 0.4465227038277458, 686, 0.22373058128239545, 687, 0.1225405595042782, 688, 0.09071813665044881, 689, 0.17779712830870145, 690, 0.40062272652752456, 691, 0.11137390638443323, 692, 0.3899907528386286, 693, 0.3662130043371895, 694, 0.2078723390848615, 695, 0.1891765656633316, 696, 0.4507736541059375, 697, 0.29468400962374625, 698, 0.2861271115442463, 699, 0.2470860451218771, 700, 0.2196182569108603, 701, 0.4050760583999654, 702, 0.16630440218442583, 703, 0.23390035402688317, 704, 0.2972568102917896, 705, 0.2757815997474714, 706, 0.4686084457299387, 707, 0.29148266536820416, 708, 0.08575222843867168, 709, 0.28851290054922174, 710, 0.22056283348393632, 711, 0.6200881478153754, 712, 0.2482100726259929, 713, 0.3567729895803957, 714, 0.3477707016106816, 715, 0.2925268438603429, 716, 0.4150139594901371, 717, 0.640922008616781, 718, 0.3399873020845294, 719, 0.18662028738560385, 720, 0.19397022721250595, 721, 0.3092729428460213, 722, 0.16188809261317977, 723, 0.1817645755098287, 724, 0.18329209807306415, 725, 0.07923786515073354, 726, 0.031090053119694996, 727, 0.2916416350498021, 728, 0.2410134298263534, 729, 0.13745671607695023, 730, 0.38086686900382516, 731, 0.34453479677787807, 732, 0.1408977928568522, 733, 0.2252362211929669, 734, 0.2044711874305338, 735, 0.2951593624520361, 736, 0.2919472027913527, 737, 0.10113854453291478, 738, 0.19667550898034017, 739, 0.21738122229169476, 740, 0.14093866143184836, 741, 0.2285241880100121, 742, 0.11826428174816825, 743, 0.09729195756697749, 744, 0.3038686433411844, 745, 0.14742994964274614, 746, 0.2146563005520644, 747, 3.4264919749174636, 748, 0.059924913256020375, 749, 0.2467662901555366, 750, 0.208769666088253, 751, 0.14497706212590347, 752, 0.4089195155459583, 753, 0.13592478528209903, 754, 0.2829196036018162, 755, 0.1341336599354537, 756, 0.13436184716007762, 757, 0.15270630196689183, 758, 0.10325594612903327, 759, 0.11620720673545729, 760, 0.2650331935372738, 761, 0.13560944013482237, 762, 0.31300575663732766, 763, 0.1059113468432418, 764, 0.23977225103589656, 765, 0.16037347878652097, 766, 0.2755314684288501, 767, 0.3195316319914468, 768, 0.1463886007498916, 769, 0.41973169947591366, 770, 0.06907886622340616, 771, 0.07878107140596363, 772, 0.1597468843338599, 773, 0.13001648348365982, 774, 0.1429618492276102, 775, 0.14174190758652053, 776, 0.6588985446193303, 777, 0.3860274280044498, 778, 0.03930593821741889, 779, 0.4157769561402562, 780, 0.1466560826555443, 781, 0.1147788760934249, 782, 0.5164841754182942, 783, 0.13429241128157543, 784, 0.2582200784458565, 785, 0.23451427654328666, 786, 0.3296868474423528, 787, 0.021152471618678562, 788, 0.13241343682063328, 789, 0.05902626942962302, 790, 0.0863683868745336, 791, 0.010831864958099128, 792, 0.22231716224833112, 793, 0.1691696238687258, 794, 0.18309209883953848, 795, 0.10260538477258624, 796, 0.04427438158687459, 797, 0.09103066249526251, 798, 0.23488648405057458, 799, 0.1737728228939847, 800, 0.1762461616229447]