COMMENT:
run 18: last run was rather better than the few previous ones, overnight run for testing current parameters for convergence on longer iteration sessions, epochs: 2000, dataset reduced 1000/1800, bce, adam, lr 5e-05 bs tr 30, bs eval full
=================MODEL=================
NeuralNetwork(
  (neural_stack): Sequential(
    (0): Linear(in_features=8575, out_features=2048, bias=True)
    (1): LeakyReLU(negative_slope=0.01)
    (2): Linear(in_features=2048, out_features=1024, bias=True)
    (3): LeakyReLU(negative_slope=0.01)
    (4): Linear(in_features=1024, out_features=512, bias=True)
    (5): LeakyReLU(negative_slope=0.01)
    (6): Linear(in_features=512, out_features=256, bias=True)
    (7): LeakyReLU(negative_slope=0.01)
    (8): Linear(in_features=256, out_features=128, bias=True)
    (9): LeakyReLU(negative_slope=0.01)
    (10): Linear(in_features=128, out_features=50, bias=True)
    (11): LeakyReLU(negative_slope=0.01)
    (12): Linear(in_features=50, out_features=30, bias=True)
    (13): LeakyReLU(negative_slope=0.01)
    (14): Linear(in_features=30, out_features=5, bias=True)
    (15): LeakyReLU(negative_slope=0.01)
    (16): Linear(in_features=5, out_features=1, bias=True)
    (17): Sigmoid()
  )
)
================OPTIMIZER================
SimulatedAnnealing ()Adam (
Parameter Group 0
    amsgrad: False
    betas: (0.9, 0.999)
    capturable: False
    decoupled_weight_decay: False
    differentiable: False
    eps: 1e-08
    foreach: None
    fused: None
    lr: 5e-05
    maximize: False
    weight_decay: 0
)
================LOSS FUNC================
BCELoss()
================LOSSES================
[1, 0.6203074764568641, 2, 0.30993763254118106, 3, 0.3420013497652144, 4, 0.2860989945313391, 5, 0.33463111550472974, 6, 0.39738991191482814, 7, 0.39604657547716376, 8, 0.338992263631316, 9, 0.40642987316941703, 10, 0.6865232044931378, 11, 0.25270126484422867, 12, 0.27018746916702785, 13, 0.320166264465256, 14, 0.35313874712215154, 15, 0.3296592510758893, 16, 0.19176308420204932, 17, 0.17568456824184522, 18, 0.1628019020886153, 19, 0.3946355219840965, 20, 0.08623474351174999, 21, 0.4681997344950377, 22, 0.2572170059687105, 23, 0.43303751035557375, 24, 0.458857047045439, 25, 0.5035230593012419, 26, 0.25630401249629, 27, 0.14452371456185933, 28, 0.32382322333824637, 29, 0.32441729670828834, 30, 0.24382204925536907, 31, 0.45174346447039, 32, 0.6063353717536467, 33, 0.24578146956295618, 34, 0.39696921018018294, 35, 0.4705780732454084, 36, 0.1881090081897374, 37, 0.41487701167566343, 38, 0.12337375241400896, 39, 0.34608433322675214, 40, 0.4487769656070026, 41, 0.24747988418306577, 42, 0.11507575862352622, 43, 0.24857968487859222, 44, 0.3510928745152962, 45, 0.2542096180616344, 46, 0.32322993346868323, 47, 0.38884976209710687, 48, 0.32634551047937743, 49, 0.2534887431741666, 50, 0.3250584726666715, 51, 0.41048483151715537, 52, 0.5868264485591378, 53, 0.4911527554849628, 54, 0.41552779229173176, 55, 0.4179962967109463, 56, 0.33239741470288225, 57, 0.24135840150948948, 58, 0.3260031953539928, 59, 0.24325792328307008, 60, 0.33187664002906575, 61, 0.2515996428120826, 62, 0.16987281494990727, 63, 0.20578761615803243, 64, 0.44104591342743243, 65, 0.17387063046029283, 66, 0.30397122716349734, 67, 0.4031792108371999, 68, 0.24152353310079022, 69, 0.5054254396778606, 70, 0.17962398864803056, 71, 0.15039797732055632, 72, 0.44845824591319555, 73, 0.20816530837778416, 74, 0.3937996798983968, 75, 0.32676779579309617, 76, 0.41482119590429095, 77, 0.08026754661249452, 78, 0.11145954067453108, 79, 0.4614181261026501, 80, 0.2468829777974524, 81, 0.3218915653593718, 82, 0.3921214846147734, 83, 0.33065161683077116, 84, 0.39554627331989917, 85, 0.5134761821343725, 86, 0.48861318456102315, 87, 0.420265895657899, 88, 0.171843008060714, 89, 0.21941386179255037, 90, 0.1495483810929593, 91, 0.6130640644744235, 92, 0.3172168812187335, 93, 0.10554846296133791, 94, 0.3233824419582066, 95, 0.3380580569902183, 96, 0.24445112766228175, 97, 0.07250081877342836, 98, 0.38751758293583133, 99, 0.5107522357229233, 100, 0.24258118095279463, 101, 0.5990922799769309, 102, 0.370898175420341, 103, 0.3219853154258114, 104, 0.1731162239267297, 105, 0.32840309032760473, 106, 0.1660410311374527, 107, 0.24597285103053573, 108, 0.16473862331209016, 109, 0.491406228600715, 110, 0.3214819415407472, 111, 0.23920183365752762, 112, 0.310759292451266, 113, 0.4150707137833876, 114, 0.36385640655092655, 115, 0.45813939660755965, 116, 0.30028759885964795, 117, 0.3221367672372334, 118, 0.44377039644369387, 119, 0.2684090004519204, 120, 0.3788553506013087, 121, 0.44020362569257865, 122, 0.15089839517294149, 123, 0.5100046587878524, 124, 0.3717263142886243, 125, 0.5563992435872614, 126, 0.42028266116269003, 127, 0.2555440407942882, 128, 0.2712997559592899, 129, 0.21905768849318594, 130, 0.27430565028169257, 131, 0.49344605903728206, 132, 0.1526461992547506, 133, 0.20802436125186738, 134, 0.3121340757934357, 135, 0.42551113365782384, 136, 0.4978994540470868, 137, 0.6306267659176921, 138, 0.3161419200201752, 139, 0.4954175580284941, 140, 0.25158859486258417, 141, 0.15493708384481983, 142, 0.18728554958388946, 143, 0.335580649282891, 144, 0.1583491920120978, 145, 0.2513882784869563, 146, 0.2231846521490816, 147, 0.18989411151815822, 148, 0.2500193883437561, 149, 0.31162879976951885, 150, 0.22625783924391724, 151, 0.37533106417912787, 152, 0.18534669711434681, 153, 0.4340085288992846, 154, 0.31309827509958804, 155, 0.14272053419626138, 156, 0.2412152625959786, 157, 0.33471435100984753, 158, 0.284920751410798, 159, 0.3935935974150597, 160, 0.4513365237288009, 161, 0.17863890083087972, 162, 0.2995228378118571, 163, 0.24360065937057343, 164, 0.36512857937176324, 165, 0.5637124139107963, 166, 0.3319927012965915, 167, 0.43080138846190497, 168, 0.28623068995749446, 169, 0.04831969514564564, 170, 0.453929440870365, 171, 0.3759594326094714, 172, 0.14482644408298243, 173, 0.30736345892456, 174, 0.37848369892448896, 175, 0.23158648997828493, 176, 0.2647362293209862, 177, 0.13949209502568344, 178, 0.49835005050268155, 179, 0.04812474976645168, 180, 0.2983565013434564, 181, 0.3280121247266227, 182, 0.1433875676410791, 183, 0.11435998677246986, 184, 0.3615387618411769, 185, 0.3065004912387253, 186, 0.24541108246417806, 187, 0.4688349718368347, 188, 0.3445698222972802, 189, 0.2260827506796127, 190, 0.3512692293392041, 191, 0.38910352722897296, 192, 0.284014471578385, 193, 0.28288454219545905, 194, 0.623974661963575, 195, 0.46059333833475563, 196, 0.25183497471022404, 197, 0.47909550289937214, 198, 0.17396695672535875, 199, 0.4297937431263141, 200, 0.2426930584044393, 201, 0.2369244900553549, 202, 0.13387243038319765, 203, 0.10701653078779967, 204, 0.274189788340764, 205, 0.26872820042596274, 206, 0.20773813176608458, 207, 0.2186706868585291, 208, 0.35334940002172993, 209, 0.4223861456429461, 210, 0.30060037092630876, 211, 0.28666022418544584, 212, 0.15470149211042747, 213, 0.27276571150655615, 214, 0.15239577478950986, 215, 0.2582864463108679, 216, 0.2504987891457054, 217, 0.4096046313260363, 218, 0.18630286839963936, 219, 0.22762068133808322, 220, 0.15445072633973073, 221, 0.297876853840301, 222, 0.25735205507625614, 223, 0.2127053708279592, 224, 0.276648354653961, 225, 0.5073851574104812, 226, 0.21135796400513054, 227, 0.3113030666311977, 228, 0.39347025761563986, 229, 0.2644960311640415, 230, 0.16970373422714008, 231, 0.16469213223269186, 232, 0.44416947358014414, 233, 0.39052495241537216, 234, 0.17761838589638296, 235, 0.17081016685153153, 236, 0.16996854817983464, 237, 0.1558453146010658, 238, 0.3852886787900942, 239, 0.3261369667576756, 240, 0.28592587237867134, 241, 0.7449875828315222, 242, 0.22761787238672762, 243, 0.4097715548404935, 244, 0.2940667755148072, 245, 0.23761879131068847, 246, 0.3521426429602661, 247, 0.21390755668021516, 248, 0.24804798123793853, 249, 0.10227859365678146, 250, 0.2057576624562573, 251, 0.35166214064117074, 252, 0.21307461668916503, 253, 0.09504776098695232, 254, 0.04588951075469305, 255, 0.17438549571868606, 256, 0.16278518137802775, 257, 0.23292629725656475, 258, 0.2958688638781894, 259, 0.3052521611194656, 260, 0.05946660165461877, 261, 0.343677453428329, 262, 0.43187503529559035, 263, 0.31041397390681086, 264, 0.6114807740890621, 265, 0.2804279620918226, 266, 0.7288534381273976, 267, 0.32587896298346875, 268, 0.1901256782111127, 269, 0.1107903487512793, 270, 0.3768629043361983, 271, 0.04392956472687575, 272, 0.3087981592676226, 273, 0.28548760689731567, 274, 0.12775626431338602, 275, 0.14609045942012217, 276, 0.20458068289305192, 277, 0.22451859810828476, 278, 0.16390151696666982, 279, 0.09539711368053008, 280, 0.21641646884440172, 281, 0.14023279722023194, 282, 0.35411676205615344, 283, 0.1502426581420312, 284, 0.2654268208186358, 285, 0.3870960532713611, 286, 0.29475222901244763, 287, 0.2935194816086563, 288, 0.393786081665118, 289, 0.16714582510316364, 290, 0.15841304276898557, 291, 0.41068645176881674, 292, 0.5204804521933348, 293, 0.11365236550821564, 294, 0.04682636743534941, 295, 0.31442173600371565, 296, 0.24536055524583475, 297, 0.19901459965656512, 298, 0.4861429645599923, 299, 0.23728468419511511, 300, 0.2221630587298118, 301, 0.2959228766533626, 302, 0.27060068340709553, 303, 0.11510907674111173, 304, 0.33603684271884604, 305, 0.18214083034526332, 306, 0.37095931204356086, 307, 0.24826460746515455, 308, 0.2530289796283433, 309, 0.22725903233823638, 310, 0.2811877719762965, 311, 0.3210721411269215, 312, 0.41251197132148754, 313, 0.4326767569898916, 314, 0.20647748705504484, 315, 0.33392887151285106, 316, 0.2571978133760564, 317, 0.2720611712116788, 318, 0.2433229270221419, 319, 0.28576508658501915, 320, 0.35337997671717136, 321, 0.23800610574807476, 322, 0.4119304730366096, 323, 0.3022682094782605, 324, 0.03758599033470532, 325, 0.519352607625401, 326, 0.24963287923452088, 327, 0.25271645461667586, 328, 0.40795857577055233, 329, 0.36534158919869325, 330, 0.1025578758885327, 331, 0.30732959719501823, 332, 0.2602783526067761, 333, 0.25216881947625636, 334, 0.5516755791592535, 335, 0.26635936810119404, 336, 0.3210697913589318, 337, 0.4405574936897347, 338, 0.1823977352904844, 339, 0.18870518687669302, 340, 0.4178660369834889, 341, 0.2715528046746113, 342, 0.17418016965130004, 343, 0.20260033382817552, 344, 0.4685197300698923, 345, 0.162011963766583, 346, 0.4912695080417568, 347, 0.12313078569616402, 348, 0.19576473307773495, 349, 0.18045947795936731, 350, 0.14897422886826744, 351, 0.2570347991685828, 352, 0.2789623468618113, 353, 0.3360667412175763, 354, 0.04814627970998022, 355, 0.2004428721908709, 356, 0.7721861201290764, 357, 0.24274084783670394, 358, 0.19043955513514305, 359, 0.24757809531463776, 360, 0.37264267180696586, 361, 0.10113710608176009, 362, 0.2628805458323038, 363, 0.23780097304911912, 364, 0.022708275511711846, 365, 0.3021298734168829, 366, 0.29246175609400427, 367, 0.4335242928908913, 368, 0.14940510653615002, 369, 0.17198015247447465, 370, 0.2666349125603102, 371, 0.295054227112797, 372, 0.18073202867644012, 373, 0.19652814835716134, 374, 0.2163228930100998, 375, 0.5198550585622245, 376, 0.15282296325730227, 377, 0.28018118295352873, 378, 0.2939722952179051, 379, 0.2032158015809113, 380, 0.43464953742992213, 381, 0.2836019248678255, 382, 0.25016994582575575, 383, 0.1492273608939928, 384, 0.10832957112719568, 385, 0.27014320418138255, 386, 0.09149571382894756, 387, 0.1473967804086961, 388, 0.280822807441082, 389, 0.03342264344330445, 390, 0.18730805207192525, 391, 0.16860285455482835, 392, 0.16917669402195232, 393, 0.33835968287066875, 394, 0.26270805230286914, 395, 0.42073079672151015, 396, 0.3407665615223507, 397, 0.3490117432470618, 398, 0.1410694013080619, 399, 0.13524303563382506, 400, 0.019990681197872673, 401, 0.18777396447222142, 402, 0.4021728365930979, 403, 0.19850741971937183, 404, 0.3072065416554702, 405, 0.1568186632026441, 406, 0.1577861220849252, 407, 0.5166426678904564, 408, 0.4667856383602352, 409, 0.2934202714703332, 410, 0.09795459870287103, 411, 0.2719495467292787, 412, 0.39052937738084015, 413, 0.2323718657828378, 414, 0.22672924914280065, 415, 0.3212080393363871, 416, 0.18513897961624645, 417, 0.5406471275003194, 418, 0.043922178719557184, 419, 0.0987761622730617, 420, 0.32629829726571524, 421, 0.11406991405339831, 422, 0.24477999777393242, 423, 0.15019186647172927, 424, 0.26849476778723597, 425, 0.2859329509629252, 426, 0.2540987014170518, 427, 0.22198323642414175, 428, 0.32629374282007945, 429, 0.04501646550979641, 430, 0.1705373552930662, 431, 0.12874798038218882, 432, 0.10877166301097181, 433, 0.21405807528686213, 434, 0.20364061224203084, 435, 0.22218895354774976, 436, 0.22467667233800148, 437, 0.22510697225574292, 438, 0.20799166326528037, 439, 0.19088505615751383, 440, 0.50187120723696, 441, 0.03884868977949597, 442, 0.024459410978627093, 443, 0.3149844354307658, 444, 0.3800269660018812, 445, 0.05675537136804693, 446, 0.23749959647565702, 447, 0.40079766235970454, 448, 0.5895255113623984, 449, 0.2733026655785217, 450, 0.3746806850182723, 451, 0.2640043014707054, 452, 0.13966278910897306, 453, 0.193812231472177, 454, 0.1423729152498667, 455, 0.20994883046199891, 456, 0.6737431935221868, 457, 0.17552299459213622, 458, 0.04500389698950532, 459, 0.43204914565858615, 460, 0.14552838040440327, 461, 0.15316447977177197, 462, 0.09443490169511476, 463, 0.21351969057242873, 464, 0.42701847944831445, 465, 0.14797729890688804, 466, 0.3697925991616254, 467, 0.2654207246184091, 468, 0.535260427328336, 469, 0.22984383478874595, 470, 0.1837479568149332, 471, 0.13425793133787825, 472, 0.3306011127832848, 473, 0.20049490596866168, 474, 0.10232105998529335, 475, 0.1198532312652605, 476, 0.8641363700396062, 477, 0.1940737820528092, 478, 0.2640047433884483, 479, 0.07983658436054508, 480, 0.25090060490339006, 481, 0.6218645528971122, 482, 0.31558742090056086, 483, 0.09677249806215006, 484, 0.06258623126856563, 485, 0.2873127263308333, 486, 0.14491404520325785, 487, 0.09367877934422394, 488, 0.1471511748169017, 489, 0.22260320688703156, 490, 0.10981723393909538, 491, 0.23476913274904215, 492, 0.3062127944910993, 493, 0.4794354947437483, 494, 0.27282339400928424, 495, 0.14383279445644367, 496, 0.4146833393258424, 497, 0.24036623921040684, 498, 0.2745079143249692, 499, 0.33512244732304036, 500, 0.11855984884268496, 501, 0.18028450740211768, 502, 0.2157447345149767, 503, 0.039020391587251964, 504, 0.1400817105701358, 505, 0.02985166553521174, 506, 0.16158228947852582, 507, 0.32055299034684415, 508, 0.626970847513811, 509, 0.3943500399369964, 510, 0.28680604526650766, 511, 0.1304208071965266, 512, 0.3671182371409784, 513, 0.18119374609627129, 514, 0.14417327694225077, 515, 0.2376242702694579, 516, 0.13427068670986614, 517, 0.11084511749539436, 518, 0.26050166723131957, 519, 0.05150973290338542, 520, 0.08588710750554954, 521, 0.24045919393206436, 522, 0.03492522862042509, 523, 0.35157254873123983, 524, 0.3334521460567631, 525, 0.39066325579258104, 526, 0.19278649973318765, 527, 0.1417826125563081, 528, 0.3766780866958965, 529, 0.046820491548059305, 530, 0.1542987653988318, 531, 0.21969807406378938, 532, 0.2442259801933372, 533, 0.4244163375272182, 534, 0.17517683594089545, 535, 0.23798353522016072, 536, 0.1803831183875205, 537, 0.2545015955348069, 538, 0.13690182529369344, 539, 0.23638491904671968, 540, 0.14949633366858386, 541, 0.2605309043804458, 542, 0.17117290035054206, 543, 1.0327983778740786, 544, 0.38516445385310516, 545, 0.17195962459001107, 546, 0.1916699558814517, 547, 0.08605750099281212, 548, 0.34373219438867036, 549, 0.10262111849149992, 550, 0.3763738678170798, 551, 0.34821305506546996, 552, 0.17880046102748134, 553, 0.5273736999078651, 554, 0.2190547982686982, 555, 0.17041826538878413, 556, 0.27371015830975476, 557, 0.12930947206093799, 558, 0.153727282298314, 559, 0.09852837739333031, 560, 0.28946239390306494, 561, 0.2621336806182684, 562, 0.03860498061817559, 563, 0.23373426390263505, 564, 0.3755015943331908, 565, 0.3953491431501824, 566, 0.12844134571392815, 567, 0.41720531319365395, 568, 0.23979992183094279, 569, 0.14737584878380028, 570, 0.147037931826154, 571, 0.22437636966129854, 572, 0.1753451935317645, 573, 0.13841789934664153, 574, 0.23595827789358423, 575, 0.25337178036682617, 576, 0.25591799024369305, 577, 0.15119000761544585, 578, 0.29504269650883597, 579, 0.15311472503958623, 580, 0.21888830747225588, 581, 0.39308124835415814, 582, 0.15080017170056442, 583, 0.2680597279615196, 584, 0.0395793945547552, 585, 0.482682147243277, 586, 0.17100421775391977, 587, 0.08111710916832983, 588, 0.20544391327655592, 589, 0.12439439240272503, 590, 0.15063243392862316, 591, 1.3389796078774612, 592, 0.14946128075284443, 593, 0.13709932618779502, 594, 0.18391068498562074, 595, 0.34288767545359705, 596, 0.27136322995181467, 597, 0.5820213360318316, 598, 0.2859945262421038, 599, 0.26874260456006, 600, 0.24076480066096737, 601, 0.2576954103824952, 602, 0.36504703699464436, 603, 0.15020484163567616, 604, 0.28208366190621403, 605, 0.22791611129227884, 606, 0.04097436697560752, 607, 0.134195838224288, 608, 0.12671868958994842, 609, 0.048296531769670976, 610, 0.3901782884551818, 611, 0.1340130072434459, 612, 0.3413691854372106, 613, 0.1424056496057508, 614, 0.14781742117723995, 615, 0.0989276781685508, 616, 0.2444528246164916, 617, 0.28634038941810697, 618, 0.4091334585875738, 619, 0.12947575203231707, 620, 0.7361901011959759, 621, 0.3048849402843373, 622, 0.14507319068344737, 623, 0.07254257791319002, 624, 0.29598630630527084, 625, 0.13705422684824756, 626, 0.5265650700707342, 627, 0.29966946172394693, 628, 0.21325184687192464, 629, 0.25004506880573396, 630, 0.22518169983657044, 631, 0.15147178181577814, 632, 0.2911559654129112, 633, 0.06562344074280772, 634, 0.24735524446982476, 635, 0.21953391252356932, 636, 0.14716519858611896, 637, 0.2126838359471251, 638, 0.29179440578631594, 639, 0.14106852476518716, 640, 0.11151489316883949, 641, 0.2589083822941538, 642, 0.02669939332545947, 643, 0.259049836034558, 644, 0.34044661305519086, 645, 0.1416390058818614, 646, 0.19985082626347006, 647, 0.1517286301657334, 648, 0.13742289201557062, 649, 0.4075622764824579, 650, 0.16098986738381374, 651, 0.13770330767316755, 652, 0.18085234192582939, 653, 0.24780631594290298, 654, 0.14901548999255884, 655, 0.15427385077910002, 656, 0.40000206110624426, 657, 0.30126628303002884, 658, 0.09971992035622478, 659, 0.3219392424771457, 660, 0.3023420202734209, 661, 0.3112083693408832, 662, 0.2446047751140258, 663, 0.10583342622004972, 664, 0.36428354811904423, 665, 0.21549294027594776, 666, 0.5658839322034604, 667, 0.49724342125461707, 668, 0.2582839049819334, 669, 0.08626269224015562, 670, 0.41641230614191765, 671, 0.201120803521616, 672, 0.2360492378158397, 673, 0.2946557001350408, 674, 0.272276462457434, 675, 0.13647639390005545, 676, 0.07666970815791245, 677, 0.12645864478474783, 678, 0.258071500530935, 679, 0.0364883662806735, 680, 0.5148634321322852, 681, 0.257786617148316, 682, 0.1465847253918035, 683, 0.21792428509685186, 684, 0.2962206092412777, 685, 0.3973648131903686, 686, 0.20466636603394722, 687, 0.12789292243276787, 688, 0.42036326827934895, 689, 0.11969193935609966, 690, 0.3218338077024047, 691, 0.2567337988290284, 692, 0.2793121778392588, 693, 0.3150950154920189, 694, 0.15553087020882223, 695, 0.3429831178462145, 696, 0.2025059288273086, 697, 0.6576877783228261, 698, 0.291643228258942, 699, 0.14441139065849165, 700, 0.2554803237045085, 701, 0.24135289198202897, 702, 0.19546758135252648, 703, 0.08693966144878489, 704, 0.10171838039789556, 705, 0.31706511294728795, 706, 0.3137947372101135, 707, 0.3155984150493079, 708, 0.368027255259986, 709, 0.2565150690765427, 710, 0.15337034702159777, 711, 0.25537151568496885, 712, 0.17274170421750396, 713, 0.46681898501281816, 714, 0.2583652656277636, 715, 0.2228050673254397, 716, 0.4757759305704205, 717, 0.1732080289971277, 718, 0.1425206197055235, 719, 0.24801648071095023, 720, 0.1353592143379404, 721, 0.22546023425240122, 722, 0.6045745221069972, 723, 0.16608384150821057, 724, 0.08536690035579747, 725, 0.20204759495729227, 726, 0.1539603773422379, 727, 0.3132397663391097, 728, 0.2761089819407779, 729, 0.17355394954335548, 730, 0.11867728518885273, 731, 0.12275737539995332, 732, 0.42115237367967445, 733, 0.14778282092153786, 734, 0.2534364763322571, 735, 0.18367687887127654, 736, 0.8798155539738056, 737, 0.2034346010664222, 738, 0.1909949816567954, 739, 0.06014007834028493, 740, 0.34792764902626033, 741, 0.18600531767055056, 742, 0.3847118365500112, 743, 0.3122813361529361, 744, 0.3079075873170166, 745, 0.24077581744102441, 746, 0.18106195163978264, 747, 0.06305372891114988, 748, 0.040632205499804466, 749, 0.2264132172172711, 750, 0.2944589865920488, 751, 0.3701782904809584, 752, 0.2456745297876848, 753, 0.39278836184284793, 754, 0.39475339618907734, 755, 0.1329508952009628, 756, 0.1691461978586983, 757, 0.44312793489502683, 758, 0.19417770974581258, 759, 0.14035457518660893, 760, 0.17310915835941712, 761, 0.051484466463045046, 762, 0.04933136375569625, 763, 0.037194872050177304, 764, 0.09261488842421778, 765, 0.35892794862203076, 766, 0.14935929186082136, 767, 1.2613023915452197, 768, 0.366634335054709, 769, 0.2675822615375393, 770, 0.39971359084167746, 771, 0.19653900545488975, 772, 0.39603024551122196, 773, 0.21801425131111282, 774, 0.4262424035060717, 775, 0.1307487139322165, 776, 0.8102787748792974, 777, 0.2455957861701475, 778, 0.22677068012634868, 779, 0.1344105836934342, 780, 0.3158043280975209, 781, 0.22365055231393452, 782, 0.13419819286687185, 783, 0.28041476932716247, 784, 0.2906131905803638, 785, 0.15715261100295178, 786, 0.2629922558749195, 787, 0.050820914182852096, 788, 0.14818018023219043, 789, 0.1892111388800915, 790, 0.03887709475836652, 791, 0.2610708634553019, 792, 0.03957813488555347, 793, 0.24606776370987712, 794, 0.1809131301477128, 795, 0.5296931454361168, 796, 0.12621659226486306, 797, 0.23262125164840095, 798, 0.2409302097550149, 799, 0.22107264846723926, 800, 0.19071188817854712, 801, 0.04980518398576524, 802, 0.288606294141534, 803, 0.1941873688179566, 804, 0.48098901255148163, 805, 0.13740727293410088, 806, 0.2590446935315926, 807, 0.23365641440590962, 808, 0.3130691142496824, 809, 0.23516057409613897, 810, 0.35666721854042044, 811, 0.35501882472590535, 812, 0.3228775385208081, 813, 0.24669306361187296, 814, 0.2667316716088229, 815, 0.157726858327134, 816, 0.24119531104237088, 817, 0.1120524602880062, 818, 0.0754805947096114, 819, 0.14008550617619378, 820, 0.14855017265895595, 821, 0.2460801761276517, 822, 0.15783601886593324, 823, 0.16569953616862812, 824, 0.16581947395178853, 825, 0.14017495370507296, 826, 0.5414146527191602, 827, 0.4262725430405208, 828, 0.09973854182543006, 829, 0.46556680033746656, 830, 0.2640620117924081, 831, 0.3435609816301353, 832, 0.4008090211312813, 833, 0.1595333830196738, 834, 0.3703996035198862, 835, 0.3686430296748176, 836, 0.20235434594859533, 837, 0.2218799082578696, 838, 0.30307283044122274, 839, 0.20268014538930354, 840, 0.3429746079968941, 841, 0.17141255616661386, 842, 0.12128377220296499, 843, 0.49267015185373425, 844, 0.1965174422362381, 845, 0.28993319426510844, 846, 0.3575941873217737, 847, 0.1608497013052726, 848, 0.28514317349518464, 849, 0.35682834271931835, 850, 0.28312720820643994, 851, 0.26038060855656775, 852, 0.1603995797268514, 853, 0.6368831263942567, 854, 0.20251445140442856, 855, 0.10041385254199824, 856, 0.49901230332406077, 857, 0.711689526623616, 858, 0.31942574087322934, 859, 0.17315231933695668, 860, 0.24523907996852928, 861, 0.3207210183714437, 862, 0.08683883355657693, 863, 0.24736194466670133, 864, 0.1824410745386077, 865, 0.17515296923780313, 866, 0.17995648856181948, 867, 0.3176155812201197, 868, 0.23960565136647644, 869, 0.37772330636563933, 870, 0.1753112174354656, 871, 0.24436286180142133, 872, 0.240762893877225, 873, 0.33164292854382427, 874, 0.3822756927973959, 875, 0.17767990185406995, 876, 0.48283999770723446, 877, 0.32543329982414504, 878, 0.24688771282978522, 879, 0.39429713981518594, 880, 0.38247930735433056, 881, 0.30762533579028245, 882, 0.3170972847801721, 883, 0.1773458941699278, 884, 0.31680029749968147, 885, 0.2384830915474638, 886, 0.3752244548381096, 887, 0.38052394464862294, 888, 0.42737826251322225, 889, 0.29610020509382373, 890, 0.3895857908118416, 891, 0.176119840564102, 892, 0.14354142691216423, 893, 0.3756272778384811, 894, 0.23317394787831885, 895, 0.4835676904888701, 896, 0.2246329080499019, 897, 0.3609268521588191, 898, 0.20684751476409707, 899, 0.14439395772319158, 900, 0.339523971302429, 901, 0.11660985890572478, 902, 0.2880577320063551, 903, 0.16277393221169792, 904, 0.21792314404961258, 905, 0.01946397014710504, 906, 0.19649490178624682, 907, 0.14031761061246806, 908, 0.16204488790065982, 909, 0.2826472209528064, 910, 0.22091100728217272, 911, 0.13111324214866155, 912, 0.4258382904485961, 913, 0.18402272098187952, 914, 0.43043864285801636, 915, 0.19885317007916253, 916, 0.1346265628517533, 917, 0.22049520457638103, 918, 0.04993716863506383, 919, 0.4279581203115751, 920, 0.21775008668820092, 921, 0.20220052755200638, 922, 0.35935527020579566, 923, 0.3217423398075581, 924, 0.030407374696651845, 925, 0.3200183900660453, 926, 0.33441880618305875, 927, 0.1574740470195309, 928, 0.1801873352139143, 929, 0.2478106716823218, 930, 0.26804513323906554, 931, 0.44214208702012386, 932, 0.4046901843496029, 933, 0.07004392734545391, 934, 0.2472541295790292, 935, 0.15730721115166252, 936, 0.22069014166063905, 937, 0.12037791771161209, 938, 0.419967548215168, 939, 0.22284923392226827, 940, 0.33263006078604407, 941, 0.24647113298814913, 942, 0.2702133925101319, 943, 0.3426096734853074, 944, 0.286249347727973, 945, 0.13104332579601113, 946, 0.14656792481874598, 947, 0.23519993396398797, 948, 0.14131533992583442, 949, 0.07959020742138362, 950, 0.34625150401616495, 951, 0.15997068745756296, 952, 0.27951881926849914, 953, 0.5625344610613094, 954, 0.31325143846366904, 955, 0.3656863302086622, 956, 0.1547013541613132, 957, 0.28373601301530477, 958, 0.2687017918296449, 959, 0.08729214806365322, 960, 0.34666223737274665, 961, 0.20670068101473588, 962, 0.09649025492289245, 963, 0.7765360522119663, 964, 0.23598368658151356, 965, 0.19563176316402237, 966, 0.5117501639863197, 967, 0.3288194328785747, 968, 0.29616458865957435, 969, 0.12016818891765571, 970, 0.05547561747164062, 971, 0.09991114432512416, 972, 0.24185703856349114, 973, 0.18006877926819534, 974, 0.7041988510377427, 975, 0.8359598243756878, 976, 0.24196018254012286, 977, 0.5530553159874179, 978, 0.4893185312872312, 979, 0.4252621807080741, 980, 0.4773392928381902, 981, 0.3692494964346654, 982, 0.19228317122878716, 983, 0.3254978194661689, 984, 0.2990126985406922, 985, 0.1114278642867698, 986, 0.26833758468237606, 987, 0.29600095079555117, 988, 0.2794665810384369, 989, 0.1957403560917325, 990, 0.15728783852178665, 991, 0.1501806593129493, 992, 0.13438983966205462, 993, 0.2359740131530609, 994, 0.3096104944172213, 995, 0.27096218420374496, 996, 0.13585962324891807, 997, 0.17073434933084836, 998, 0.6156936326382405, 999, 0.24824023721295924, 1000, 0.14017303721222577, 1001, 0.14234593738583415, 1002, 0.21805050593144132, 1003, 0.26468440305266233, 1004, 0.5137105429548129, 1005, 0.14298032290125387, 1006, 0.245829814033483, 1007, 0.12659317378361798, 1008, 0.18271644518460237, 1009, 0.19030158453166526, 1010, 0.27662518211506915, 1011, 0.2313536939642487, 1012, 0.12197614855970872, 1013, 0.12744658098112036, 1014, 0.5014574900845851, 1015, 0.08806919888241135, 1016, 0.24719556898142478, 1017, 0.6524275924920235, 1018, 0.18840338657605743, 1019, 0.07141538054339934, 1020, 0.08104745060435982, 1021, 0.39683309016550233, 1022, 0.0356787417742413, 1023, 0.33882036820921424, 1024, 0.35689905196527155, 1025, 0.2750265364920908, 1026, 0.2099741612381285, 1027, 0.25076631381744885, 1028, 0.1551838599593774, 1029, 0.17598353982237983, 1030, 0.25292886000781956, 1031, 0.19234500925766476, 1032, 0.24266584505346425, 1033, 0.09519032844810518, 1034, 0.27155254762657427, 1035, 0.14287098929217604, 1036, 0.23064338383265773, 1037, 0.10564735994275688, 1038, 0.15091292275226553, 1039, 0.04488791344155484, 1040, 0.22266725910681412, 1041, 0.13323920269990722, 1042, 0.12493617000645972, 1043, 0.23200778666300584, 1044, 0.4309075945283256, 1045, 0.3067317557602898, 1046, 0.4390411586152719, 1047, 0.29088949533906355, 1048, 0.2393359320807699, 1049, 0.49564797764561674, 1050, 0.3420272131016187, 1051, 0.21885187856163293, 1052, 0.34058319978310114, 1053, 0.26523388961275635, 1054, 0.22283391056870422, 1055, 0.17132194654215502, 1056, 0.17020844037350955, 1057, 0.18139079933438726, 1058, 0.45852124735303357, 1059, 0.3698008521109717, 1060, 0.2462032502008992, 1061, 0.36956199793786715, 1062, 0.22830764732150388, 1063, 0.22534339933639944, 1064, 0.0587309077790489, 1065, 0.2713279805578496, 1066, 0.19541586214586684, 1067, 0.24275618604528273, 1068, 0.171891039316361, 1069, 0.15797382762345252, 1070, 0.48598812122276025, 1071, 0.3567640025415916, 1072, 0.33775986352111065, 1073, 0.1910124073936663, 1074, 0.3672366535635629, 1075, 0.25739790314579175, 1076, 0.5024260282515656, 1077, 0.39798630390710893, 1078, 0.2775060520563441, 1079, 0.1267295443571746, 1080, 0.08613697478329002, 1081, 0.17167464153917336, 1082, 0.3130333216777402, 1083, 0.2200479494082912, 1084, 0.1964404736379997, 1085, 0.10353492759233335, 1086, 0.2860457524046709, 1087, 0.24619587987688243, 1088, 0.12585675081966513, 1089, 0.1704071269506785, 1090, 0.3852092921544154, 1091, 0.16017150754721324, 1092, 0.29455340982076256, 1093, 0.19338012823729717, 1094, 0.3636337615228691, 1095, 0.38262326215384923, 1096, 0.17166271208216566, 1097, 0.20686497632505432, 1098, 0.04562730873632968, 1099, 0.20089346886363046, 1100, 0.48872125353615786, 1101, 0.3861817146045547, 1102, 0.466532026029354, 1103, 0.3773282974088002, 1104, 0.37908652233019247, 1105, 0.17976558215136532, 1106, 0.3572084043758864, 1107, 0.2997307231114152, 1108, 0.2428985088275266, 1109, 0.2861386129529056, 1110, 0.3567238151119492, 1111, 0.3574459034433558, 1112, 0.3281271686467265, 1113, 0.7776061179400763, 1114, 0.13288778211879004, 1115, 0.3041680330461828, 1116, 0.14678443782031417, 1117, 0.31916044269161337, 1118, 0.18596613647418, 1119, 0.3837455612320294, 1120, 0.3505199197035901, 1121, 0.11140860574617113, 1122, 0.019612490271503025, 1123, 0.2060687598667699, 1124, 0.23234373246733678, 1125, 0.13775342546515143, 1126, 0.31622912818439913, 1127, 0.12127693431164203, 1128, 0.31638283802584316, 1129, 1.438236285786185, 1130, 0.15162429346960243, 1131, 0.48385362043761243, 1132, 0.3196715566917535, 1133, 0.3159616036993193, 1134, 0.23748417991144297, 1135, 0.39410184145721083, 1136, 0.2344859229284318, 1137, 0.1558199457343496, 1138, 0.2987173630091387, 1139, 0.3031235499150745, 1140, 0.4941630141416787, 1141, 0.18385727142613656, 1142, 0.2996874174095178, 1143, 0.15429987444065682, 1144, 0.33563291721018457, 1145, 0.282601081115104, 1146, 0.40945806209500757, 1147, 0.23076594532185568, 1148, 0.3041346444549609, 1149, 0.2360726037734288, 1150, 0.22239220468044527, 1151, 0.2060438451208279, 1152, 0.12901271865877237, 1153, 0.25890712933716126, 1154, 0.16800264945979257, 1155, 0.21139208746621227, 1156, 0.37516260862924194, 1157, 0.2146119083365697, 1158, 0.16725052401177273, 1159, 0.13931697439969545, 1160, 0.312133632391054, 1161, 0.11844828352361207, 1162, 0.22734463504475974, 1163, 0.39589828563893975, 1164, 0.1577022219445867, 1165, 0.18829057056187887, 1166, 0.19729750228730522, 1167, 0.25742728121161507, 1168, 0.3140594207072148, 1169, 0.3044297954456279, 1170, 0.49421572312803524, 1171, 0.1897242281805914, 1172, 0.22442507806183803, 1173, 0.23534060173389199, 1174, 0.2155643185232979, 1175, 0.24632902630643513, 1176, 0.13879579583430993, 1177, 0.30103245038891513, 1178, 0.23999171474170808, 1179, 0.05776205718600285, 1180, 0.22284270919344618, 1181, 0.371942852861403, 1182, 0.23523198048017374, 1183, 0.31582998961409875, 1184, 0.3338670591501968, 1185, 0.21531449974910893, 1186, 0.453462303095383, 1187, 0.34687600514921846, 1188, 0.16502848776708465, 1189, 0.13509369539571475, 1190, 0.322524360766109, 1191, 0.33277747282390074, 1192, 0.3019184437341593, 1193, 0.28314060947647857, 1194, 0.22958082397945806, 1195, 0.0786385088158423, 1196, 0.14353046867495323, 1197, 0.08074970918902319, 1198, 0.21634571770648361, 1199, 0.18648990642460095, 1200, 0.38608063694615635, 1201, 0.2697807716302805, 1202, 0.23324734109837858, 1203, 0.3151583027963728, 1204, 0.30282018938255556, 1205, 0.2548083865489825, 1206, 0.2922657346344196, 1207, 0.1579368211256078, 1208, 0.3602154752660053, 1209, 0.4061837050905543, 1210, 0.21259796226090247, 1211, 0.17600522258546727, 1212, 0.14279603982738034, 1213, 0.3918726267532032, 1214, 0.3815829761158997, 1215, 0.25230652495608935, 1216, 0.10385765554822043, 1217, 0.3200152392154381, 1218, 0.19006147887324226, 1219, 0.23615996182045204, 1220, 0.2060102385994984, 1221, 0.013325948922853163, 1222, 0.18032708146221485, 1223, 0.40888868235179376, 1224, 0.23483519510706857, 1225, 0.3648837757954676, 1226, 0.3441406259832239, 1227, 0.11610201782770421, 1228, 0.24443014526209206, 1229, 0.13403480122838463, 1230, 0.21672427887603488, 1231, 0.2653735418018924, 1232, 0.5197899710819558, 1233, 0.5832750175933843, 1234, 0.23162509839605952, 1235, 0.1874048286531672, 1236, 0.5516837232622199, 1237, 0.19024671364871462, 1238, 0.23930289490959847, 1239, 0.16420912854775416, 1240, 0.13290294903548167, 1241, 0.11281496368205533, 1242, 0.21956564111746862, 1243, 0.10750616987864621, 1244, 0.32991356553865053, 1245, 0.3914476284953655, 1246, 0.28952534466099356, 1247, 0.3295024668029008, 1248, 0.12451696362814811, 1249, 0.362797431571545, 1250, 0.25187713878332574, 1251, 0.04758581997939042, 1252, 0.1038999593623119, 1253, 0.1765155141703492, 1254, 0.17643902881224924, 1255, 0.18296014708457353, 1256, 0.07382228830728697, 1257, 0.09756661521028469, 1258, 0.12153235511742054, 1259, 0.27014150165317846, 1260, 0.46375010659975485, 1261, 0.14875982027446913, 1262, 0.16440451730491681, 1263, 0.4559277331628093, 1264, 0.46910532095981, 1265, 0.3178575263316604, 1266, 0.23935590017260383, 1267, 0.1444203235319685, 1268, 0.38356819117628765, 1269, 0.3067994257654577, 1270, 0.3845426464804143, 1271, 0.3643354079771361, 1272, 0.4329540567936866, 1273, 0.35912977659459716, 1274, 0.36929069690340033, 1275, 0.3085699253248161, 1276, 0.2962299195645721, 1277, 0.27885677772836537, 1278, 0.385931985915106, 1279, 0.17471110621547922, 1280, 0.2248066448164376, 1281, 0.23686251541249442, 1282, 0.23877563615407923, 1283, 0.24852006558529754, 1284, 0.24195372775873736, 1285, 0.365011562508241, 1286, 0.30474522215220323, 1287, 0.24511886847536038, 1288, 0.3161345194790807, 1289, 0.18230856323328545, 1290, 0.41182754419384016, 1291, 0.5319092376068032, 1292, 0.3211990131234845, 1293, 0.35401366848540017, 1294, 0.5768484865035849, 1295, 0.23241412350061447, 1296, 0.2313542805860922, 1297, 0.26025892351875196, 1298, 0.17990900814904037, 1299, 0.1605978510155688, 1300, 0.15340548406961568, 1301, 0.1624331957125031, 1302, 0.23060445918504655, 1303, 0.2641037847277585, 1304, 0.2258000368817405, 1305, 0.23052047901708414, 1306, 0.22598631860234422, 1307, 0.23458944025737402, 1308, 0.26014536656547416, 1309, 0.03152205243384146, 1310, 0.31540928991614625, 1311, 0.28578283596314896, 1312, 0.2586113624002879, 1313, 0.10816965319790332, 1314, 0.5062521764257684, 1315, 0.37698439926488464, 1316, 0.28053757867748164, 1317, 0.12598419987457163, 1318, 0.24655130387747068, 1319, 0.26060002333706, 1320, 0.29134240721050014, 1321, 0.2804930581136632, 1322, 0.15066961906265355, 1323, 0.04872937269581192, 1324, 0.36040790057578553, 1325, 0.28001255931376007, 1326, 0.1292018276026627, 1327, 0.2830178914374886, 1328, 0.15246215831457935, 1329, 0.20163129298404192, 1330, 0.20939101526743517, 1331, 0.22848390759101136, 1332, 0.19589981991465366, 1333, 0.20609612734792976, 1334, 0.49095679412810006, 1335, 0.25987087544466614, 1336, 0.13692869270571784, 1337, 0.1737975128898928, 1338, 0.12797625391758624, 1339, 0.02679384746185091, 1340, 0.33909822595881667, 1341, 0.26104890627245314, 1342, 0.13970426909050335, 1343, 0.2369523660994168, 1344, 0.26173087745731205, 1345, 0.062314232731459675, 1346, 0.28528038074496054, 1347, 0.19087021221706948, 1348, 0.160766067817306, 1349, 0.1879736106896442, 1350, 0.14252184359142833, 1351, 0.3217453287081763, 1352, 0.20490219016355446, 1353, 0.014000576605467155, 1354, 0.45138115706209714, 1355, 0.12861086551212458, 1356, 0.059571958773955734, 1357, 0.22032051671417904, 1358, 0.1500629608511207, 1359, 0.14299911103413965, 1360, 0.11692616662540363, 1361, 0.19823344089698716, 1362, 0.15045056719349129, 1363, 0.1743629313703669, 1364, 0.18664522867000774, 1365, 0.08093648242108452, 1366, 0.14887475437263348, 1367, 0.13898482756531014, 1368, 0.43533944149095466, 1369, 0.12759188832015994, 1370, 0.2231959543228771, 1371, 0.27615764852701047, 1372, 0.2271841336524575, 1373, 0.06720859396612844, 1374, 0.3119942759900761, 1375, 0.3877836673957148, 1376, 0.14597144138685791, 1377, 0.14105498315388582, 1378, 0.04406073303394007, 1379, 0.38704605602144115, 1380, 0.17155444856811222, 1381, 0.20892516753369236, 1382, 0.3194112712988774, 1383, 0.13260245648114594, 1384, 0.24214399083979915, 1385, 0.19913684555606762, 1386, 0.21239328177693143, 1387, 0.16959002342689336, 1388, 0.18369166258247072, 1389, 0.3186216188287319, 1390, 0.8891072655369388, 1391, 0.4402409867380749, 1392, 0.19844776294482586, 1393, 0.07162514183311172, 1394, 0.13867341892347826, 1395, 0.23589083167803857, 1396, 0.2577400961293188, 1397, 0.06783390240503788, 1398, 0.08407296990584334, 1399, 0.12723743277346092, 1400, 0.6007659037943678, 1401, 0.36096146405963675, 1402, 0.17585627451023503, 1403, 0.05239025385972429, 1404, 0.05748850648454008, 1405, 0.1928260714853422, 1406, 0.3125355814001246, 1407, 0.01904361180902409, 1408, 0.2964347919773402, 1409, 0.35146427397238084, 1410, 0.385192501383857, 1411, 0.11613407698867574, 1412, 0.1547706594080257, 1413, 0.14723096711885936, 1414, 0.23857840290986687, 1415, 0.21566016233832871, 1416, 0.00477839066218787, 1417, 0.14840380793085928, 1418, 0.40547375198089247, 1419, 0.3316859576305025, 1420, 0.0517913423988337, 1421, 0.15185682775777712, 1422, 0.05182766400517973, 1423, 0.13835155122772833, 1424, 0.7899151409048613, 1425, 0.19895973273487186, 1426, 0.16596639242450942, 1427, 0.22960884368066653, 1428, 0.2569766332834511, 1429, 0.2215134884810343, 1430, 0.06546461427871095, 1431, 0.39969690786899165, 1432, 0.3843864856303469, 1433, 0.14663163744817667, 1434, 0.6580214682657811, 1435, 0.3769604401286758, 1436, 0.061673432415066086, 1437, 0.1658163902074675, 1438, 0.09491874221049298, 1439, 0.39190693764532725, 1440, 0.16244514977500052, 1441, 0.15632451263760608, 1442, 0.2909180531734361, 1443, 0.0206138547672397, 1444, 0.49868588759431537, 1445, 0.04863822362289015, 1446, 0.2694667311913718, 1447, 0.08974819916977599, 1448, 0.23782578171615756, 1449, 0.08627938514177289, 1450, 0.2772264183865039, 1451, 0.2273241528392612, 1452, 0.14965664805034412, 1453, 0.1848374414483077, 1454, 0.31554315370431996, 1455, 0.40460103575307954, 1456, 0.3181842126122857, 1457, 0.2018496336552692, 1458, 0.2058122678361735, 1459, 0.22813815902677914, 1460, 0.1411702669158233, 1461, 0.0860442720513528, 1462, 0.3068610720146701, 1463, 0.30153406066273725, 1464, 0.03676027651944246, 1465, 0.08437239786609935, 1466, 0.3728807920301283, 1467, 0.2816198564715595, 1468, 0.5874775434527016, 1469, 0.17040002010628316, 1470, 0.20865321375632026, 1471, 0.14197353536478136, 1472, 0.13463979258301423, 1473, 0.21421167368421248, 1474, 0.16128481179826676, 1475, 0.27992073507072524, 1476, 0.39271613619418794, 1477, 0.08711862936848226, 1478, 0.1824854167946483, 1479, 0.11056051807472084, 1480, 0.23873354093076216, 1481, 0.034859725831381534, 1482, 0.08304639331578885, 1483, 0.15696483091882782, 1484, 0.06468233355765349, 1485, 0.1268315027510396, 1486, 0.23170433754318287, 1487, 0.5457252929265057, 1488, 0.2236048226424825, 1489, 0.3926712386648306, 1490, 0.17285723818333568, 1491, 0.09489558896755954, 1492, 0.17375244674823137, 1493, 1.0144170666650854, 1494, 0.8054108869625628, 1495, 0.1730981137282612, 1496, 0.2809855338887084, 1497, 0.27598844666799843, 1498, 0.23453812225647788, 1499, 0.24203652695580297, 1500, 0.26569740280793824, 1501, 0.1635285070108482, 1502, 0.264769396622968, 1503, 0.07552000321984438, 1504, 0.17958968408088793, 1505, 0.17885598769661476, 1506, 0.17666368298028504, 1507, 0.17760671850245488, 1508, 0.06420704515026697, 1509, 0.4595877264634888, 1510, 0.3180364881947122, 1511, 0.08364636588578475, 1512, 0.05564257913320552, 1513, 0.09842294334462413, 1514, 0.12145710987576337, 1515, 0.4290610086370236, 1516, 0.43299436157255655, 1517, 0.30441159515311667, 1518, 0.23617791733315074, 1519, 0.3770372167954098, 1520, 0.3020616938176421, 1521, 0.38659538054771025, 1522, 0.38066024250101316, 1523, 0.3063807787993967, 1524, 0.2776544622297893, 1525, 0.37340628914127905, 1526, 0.5900737573169398, 1527, 0.22717190117261968, 1528, 0.23381547400505895, 1529, 0.032828450062639764, 1530, 0.23733495863920187, 1531, 0.04592561851159426, 1532, 0.1847760160539088, 1533, 0.18267308728795842, 1534, 0.1678673319533784, 1535, 0.33424703966017594, 1536, 0.15201031696522632, 1537, 0.059996414659640375, 1538, 0.16832304689873556, 1539, 0.08623960166470089, 1540, 0.12752973585062755, 1541, 0.2383113856987932, 1542, 0.18366763707574466, 1543, 0.28317753059479933, 1544, 0.29579838855439117, 1545, 0.15968176972632436, 1546, 0.26512865604510644, 1547, 0.30381728344488734, 1548, 0.4177180284699489, 1549, 0.286997614733771, 1550, 0.12867927633673124, 1551, 0.31474619762258355, 1552, 0.1823922709096686, 1553, 0.40091834308246527, 1554, 1.1611704094274082, 1555, 0.34824508007672533, 1556, 0.24536949809858788, 1557, 0.43118307905478076, 1558, 0.3234441583772996, 1559, 0.14761996474524341, 1560, 0.5290812686550651, 1561, 0.310176340093342, 1562, 0.3027243212248894, 1563, 0.21068444772542003, 1564, 0.05371886717430945, 1565, 0.40834461519738524, 1566, 0.4041143578569206, 1567, 0.3835051494162641, 1568, 0.07378668968965821, 1569, 0.1780425421735015, 1570, 0.33172754898016593, 1571, 0.15077055084331228, 1572, 0.6209687552421685, 1573, 0.1610484710233454, 1574, 0.22511347203517432, 1575, 0.3858418598793221, 1576, 0.7225971386331855, 1577, 0.5245084375000887, 1578, 0.304205899363906, 1579, 0.5180873444327189, 1580, 0.15174743891954476, 1581, 0.3678834328576627, 1582, 0.2873056531366655, 1583, 0.1570848678356628, 1584, 0.28228557981893937, 1585, 0.42046095406907896, 1586, 0.23509497071404695, 1587, 0.17228595165898056, 1588, 0.3063671983317711, 1589, 0.1304442028142577, 1590, 0.42350070187739963, 1591, 0.32241560248071705, 1592, 0.28561754462568767, 1593, 0.11916115896746679, 1594, 0.32308631627540296, 1595, 0.5231409089040424, 1596, 0.32046075345209124, 1597, 0.2493401501853258, 1598, 0.3195303845936589, 1599, 0.4643341234201524, 1600, 0.20788909047134094, 1601, 0.0970997417151295, 1602, 0.3266678000785778, 1603, 0.24508844335281896, 1604, 0.14413020183759578, 1605, 0.16357384288707041, 1606, 0.28417064648887763, 1607, 0.19082559006380997, 1608, 0.23090486886685652, 1609, 0.5497853465132478, 1610, 0.05077827129497185, 1611, 0.24743227185332464, 1612, 0.13577172048429778, 1613, 0.13474893682677422, 1614, 0.25221511992263274, 1615, 0.22365928578205846, 1616, 0.26272060212045667, 1617, 0.1080594033914191, 1618, 0.3097110900585719, 1619, 0.10243421942450145, 1620, 0.13775031237496713, 1621, 0.045343472296762534, 1622, 0.19979370157228366, 1623, 0.1122239911494581, 1624, 0.1996359968388946, 1625, 0.04896505135228338, 1626, 0.41793494622184013, 1627, 0.04808793343197094, 1628, 0.24845407261282146, 1629, 0.25218223211076574, 1630, 0.12432321430945285, 1631, 0.1490280987781688, 1632, 0.13701403358796074, 1633, 0.16419576251082688, 1634, 0.32044718547574547, 1635, 0.16097518207840078, 1636, 0.024440436463613897, 1637, 0.1467890097056106, 1638, 0.10122327209067408, 1639, 0.45374098327997453, 1640, 0.1969748565628849, 1641, 0.21659488455793516, 1642, 0.31369956897141493, 1643, 0.032917404296929, 1644, 0.16179744439924482, 1645, 0.1402460260387037, 1646, 0.36192248899160434, 1647, 0.25264609931049387, 1648, 0.09206971276707217, 1649, 0.30120120620455654, 1650, 0.14460938572391527, 1651, 0.13622451197721333, 1652, 0.15841934417857886, 1653, 0.31579237253119213, 1654, 0.2537055305017342, 1655, 0.029934444964973887, 1656, 0.11461459886632719, 1657, 0.57744929635392, 1658, 0.3066213824832808, 1659, 0.08021431146670577, 1660, 0.22982564444721593, 1661, 0.357356394189388, 1662, 0.5615100830530406, 1663, 0.43636926877384685, 1664, 0.21160640070292164, 1665, 0.2439165384823167, 1666, 0.1321480169786417, 1667, 0.4600699885752206, 1668, 0.2316102705474794, 1669, 0.06668424423539371, 1670, 0.05646097900648132, 1671, 0.141755250795109, 1672, 0.22349051017767596, 1673, 0.32669550887958015, 1674, 0.2107302904384625, 1675, 0.17209685437517527, 1676, 0.1948460118148941, 1677, 0.13876331520436747, 1678, 0.0058278435187850575, 1679, 0.219392937700766, 1680, 0.1587956953590855, 1681, 0.2088183529564451, 1682, 0.1881846841536648, 1683, 0.42692108315493965, 1684, 0.1336029301104564, 1685, 0.15190559195148137, 1686, 0.23751908128559046, 1687, 0.18757833313080505, 1688, 0.10227554658727622, 1689, 0.14264734476812355, 1690, 0.15718324618683802, 1691, 0.10587403622800189, 1692, 0.12359001052609873, 1693, 0.3176678636800736, 1694, 0.16398681982036525, 1695, 0.19566085672093164, 1696, 0.07010485897705135, 1697, 0.23223362212605358, 1698, 0.16752005933112254, 1699, 0.12980955997849347, 1700, 0.13020358974510207, 1701, 0.22348496526320616, 1702, 0.006002499877663105, 1703, 0.7892151213296391, 1704, 0.1790578224966244, 1705, 0.38513795870320716, 1706, 0.21462666088482465, 1707, 0.1629218587770872, 1708, 0.08125127207046079, 1709, 0.15716798438812107, 1710, 0.16183439755083326, 1711, 0.14794205155335013, 1712, 0.1074825178464572, 1713, 0.17593071355843046, 1714, 0.18552698710717053, 1715, 0.028739627308962578, 1716, 0.18251198457602544, 1717, 0.32166601100803405, 1718, 0.08515735750242916, 1719, 0.29331123781443635, 1720, 0.03288872024965865, 1721, 0.17796297243902176, 1722, 0.7972797631709635, 1723, 0.37224661469558035, 1724, 0.20287401404897734, 1725, 0.14554245212417902, 1726, 0.2920255543482855, 1727, 0.2100766010441468, 1728, 0.3654416298962567, 1729, 0.13498931019945667, 1730, 0.23643616546288151, 1731, 0.10682955009649998, 1732, 0.1596727948634478, 1733, 0.11412266479733975, 1734, 0.19262812329161794, 1735, 0.0564958917435837, 1736, 0.13347677164588992, 1737, 0.0960868318242914, 1738, 0.11253453449630309, 1739, 0.34956279119900635, 1740, 0.26613995819817704, 1741, 0.13201249573015855, 1742, 0.11227407485548586, 1743, 0.12972015461538214, 1744, 1.3087336436337387, 1745, 0.15614641373225246, 1746, 0.12198056476150569, 1747, 0.10319348932257023, 1748, 0.24935930401239317, 1749, 0.1642055144271112, 1750, 0.04025737719408065, 1751, 0.06738293078141797, 1752, 0.15740576213878194, 1753, 0.14260547203974283, 1754, 0.13631512521023886, 1755, 0.8198216419211669, 1756, 0.3052529309504374, 1757, 0.4274564167529802, 1758, 0.2107106173734528, 1759, 0.15668003460164084, 1760, 0.1017132875101706, 1761, 0.2603601936643821, 1762, 0.19005139170464763, 1763, 0.19203185780816828, 1764, 0.07194381249820613, 1765, 0.35541139850303943, 1766, 0.1135181121478694, 1767, 0.1097845043874934, 1768, 0.32464385846506505, 1769, 0.16071052904113384, 1770, 0.21162613620860454, 1771, 0.05251477048395571, 1772, 0.1729985814688334, 1773, 0.2378067644354829, 1774, 0.38364786997345224, 1775, 0.7773522294365922, 1776, 0.09108666058353855, 1777, 0.28701815340840403, 1778, 0.20562926736098147, 1779, 0.14500302600527534, 1780, 0.2553248483891519, 1781, 0.12094600072266307, 1782, 0.5061622383823108, 1783, 0.21546816175466005, 1784, 0.2926900719119831, 1785, 0.21695294919714747, 1786, 0.21845476357258756, 1787, 0.17521794795590498, 1788, 0.23491306913881546, 1789, 0.29033488161615856, 1790, 0.25871556392402445, 1791, 0.2146984138300857, 1792, 0.24243395137637866, 1793, 0.14594689113505188, 1794, 0.017784585880216856, 1795, 0.14353582732382347, 1796, 0.10959019671462027, 1797, 0.20773806425237645, 1798, 0.2826325512970115, 1799, 0.21345561299057195, 1800, 0.2455090223106338, 1801, 0.13597262133526802, 1802, 0.1516298337164482, 1803, 0.13781395275969627, 1804, 0.18234394279071428, 1805, 0.09468020672979079, 1806, 0.0973804094733539, 1807, 0.18174015255501305, 1808, 0.03728431443525138, 1809, 0.10062027076166438, 1810, 0.11201516092784636, 1811, 0.0820276077866755, 1812, 0.3352400076346976, 1813, 0.18495934126069227, 1814, 0.07848942253957797, 1815, 0.19828449595290504, 1816, 0.14771471208928938, 1817, 0.17529441774080365, 1818, 0.2724780163542582, 1819, 0.04529279669816265, 1820, 0.07676489439636679, 1821, 0.21937754946756613, 1822, 1.1289445645247618, 1823, 0.19715699419520546, 1824, 0.325124145725437, 1825, 0.07983236415758815, 1826, 0.41956677541360937, 1827, 0.42763043537787376, 1828, 0.08085397077421659, 1829, 0.12238932552657417, 1830, 0.015904220567864977, 1831, 0.13255213735889465, 1832, 0.14204776244707787, 1833, 0.06531323456260839, 1834, 0.184170187977812, 1835, 0.33815422073505785, 1836, 0.15334478307065727, 1837, 0.13529414644135793, 1838, 0.2410346835360181, 1839, 0.0727124203188929, 1840, 0.2974932110435714, 1841, 0.15179971811795426, 1842, 0.3710812621604759, 1843, 0.1048562434165679, 1844, 0.1719689117292137, 1845, 0.08475108983773574, 1846, 0.34034737340890353, 1847, 0.16453628283942243, 1848, 0.2333920020405772, 1849, 0.10354259901945705, 1850, 0.11641826646409775, 1851, 0.4227951397617536, 1852, 0.14198350543627702, 1853, 0.43152942092543767, 1854, 0.16796588912083485, 1855, 0.2067639143010639, 1856, 0.10879247006754807, 1857, 0.11318435766271043, 1858, 0.13385171616514518, 1859, 0.2280046898716112, 1860, 0.12363467964609857, 1861, 0.20919698578010434, 1862, 0.08604639695177325, 1863, 0.13840871809998037, 1864, 0.08149189969541498, 1865, 0.48574577470921326, 1866, 0.1345488257792432, 1867, 0.07667766786765151, 1868, 0.30648723767381886, 1869, 0.1737005320532114, 1870, 0.037509488880901345, 1871, 0.3731734797218767, 1872, 0.05354459067609515, 1873, 0.28726655935505835, 1874, 0.21274766346742957, 1875, 0.21893943968058957, 1876, 0.31269794669170714, 1877, 0.3335819985166903, 1878, 0.21147555979775856, 1879, 0.187801220748847, 1880, 0.08789793153674465, 1881, 0.08555273081867314, 1882, 0.1827537003362768, 1883, 0.24729754643828247, 1884, 0.12916626293418274, 1885, 0.27315873335783, 1886, 0.26302234014866216, 1887, 0.17657459322176788, 1888, 0.0303371232763894, 1889, 0.27039606553318496, 1890, 0.27334858869155193, 1891, 0.23794190802293316, 1892, 0.21391695613496375, 1893, 0.23623771460962611, 1894, 0.1415124103243027, 1895, 0.12039146333981242, 1896, 0.10399550386962716, 1897, 0.12382356772757186, 1898, 0.21055524257546368, 1899, 0.1924751819947904, 1900, 0.24950080853462772, 1901, 0.1761959302121358, 1902, 0.1655872012910378, 1903, 0.24525579519390214, 1904, 0.32788337053579014, 1905, 0.6265995845700753, 1906, 0.10538510246310369, 1907, 0.15514221380753004, 1908, 0.7967632068766781, 1909, 0.23831195705242111, 1910, 0.4275214551731653, 1911, 0.1654914627208887, 1912, 0.2861904526222059, 1913, 0.24332711848205582, 1914, 0.22661563232614232, 1915, 0.3750394971572118, 1916, 0.35858596280361843, 1917, 0.16201474034744054, 1918, 0.408163343787994, 1919, 0.3056538924312273, 1920, 0.13903109604299985, 1921, 0.29262676196748905, 1922, 0.13647427424278816, 1923, 0.4115412642303332, 1924, 0.31373757562548293, 1925, 0.2424756074825571, 1926, 0.3056392094052858, 1927, 0.17894764464857596, 1928, 0.1076569694274801, 1929, 0.1719938517744495, 1930, 0.24764849352922322, 1931, 0.2878910330616887, 1932, 0.23102701904297354, 1933, 0.16184126529133155, 1934, 0.18466544606078758, 1935, 0.09929738002485039, 1936, 0.265222599638669, 1937, 0.3640470579904196, 1938, 0.15757528641647112, 1939, 0.21316516605607025, 1940, 0.06798269208891083, 1941, 0.21878760194110433, 1942, 0.1610447288360431, 1943, 0.1361511030224877, 1944, 0.0964053634523739, 1945, 0.08636291093029354, 1946, 0.12847645407083738, 1947, 0.0416105142531147, 1948, 0.2722379944072172, 1949, 0.2184805134176287, 1950, 0.1781922602324714, 1951, 0.13229586988039851, 1952, 0.16840221467983732, 1953, 0.2401167667669553, 1954, 0.09446694147732894, 1955, 0.18711858017873773, 1956, 0.02683518722984198, 1957, 0.17637163229809066, 1958, 0.15464727077866344, 1959, 0.09661954261101277, 1960, 0.01752328737528746, 1961, 0.08925167277912446, 1962, 0.09483648123908149, 1963, 0.28730838024664734, 1964, 0.04311083563749784, 1965, 0.14348142833388464, 1966, 0.06628516384981609, 1967, 0.2679905116962931, 1968, 0.20484113090068004, 1969, 0.24533983516045177, 1970, 0.36200791735482485, 1971, 0.13290970513327963, 1972, 0.3887286187662978, 1973, 0.2844972633063113, 1974, 0.13828859812290048, 1975, 0.550849788440233, 1976, 0.48983291522364264, 1977, 0.33766462954392024, 1978, 0.21977037986399747, 1979, 0.14971967002392947, 1980, 0.17690261209966027, 1981, 0.20560150952749828, 1982, 0.08537482766981935, 1983, 0.2240141144228715, 1984, 0.1314021425700413, 1985, 0.0671284897144118, 1986, 0.15856297310992554, 1987, 0.21023502698432944, 1988, 0.0815486908343492, 1989, 0.3153517438297332, 1990, 0.12274194470083857, 1991, 0.16924340002930016, 1992, 0.12829747562184832, 1993, 0.30397479635880403, 1994, 0.023892759057870527, 1995, 0.1424284861493458, 1996, 0.11413483430584238, 1997, 0.32658390406409765, 1998, 0.2136891604158489, 1999, 0.1885876945640072, 2000, 0.11138378064825274]