COMMENT:
ff
=================MODEL=================
NeuralNetwork(
  (neural_stack): Sequential(
    (0): Linear(in_features=8575, out_features=1072, bias=True)
    (1): LeakyReLU(negative_slope=0.01)
    (2): Linear(in_features=1072, out_features=1072, bias=True)
    (3): LeakyReLU(negative_slope=0.01)
    (4): Linear(in_features=1072, out_features=1072, bias=True)
    (5): LeakyReLU(negative_slope=0.01)
    (6): Linear(in_features=1072, out_features=1072, bias=True)
    (7): LeakyReLU(negative_slope=0.01)
    (8): Linear(in_features=1072, out_features=1072, bias=True)
    (9): LeakyReLU(negative_slope=0.01)
    (10): Linear(in_features=1072, out_features=1072, bias=True)
    (11): LeakyReLU(negative_slope=0.01)
    (12): Linear(in_features=1072, out_features=268, bias=True)
    (13): LeakyReLU(negative_slope=0.01)
    (14): Linear(in_features=268, out_features=268, bias=True)
    (15): LeakyReLU(negative_slope=0.01)
    (16): Linear(in_features=268, out_features=67, bias=True)
    (17): LeakyReLU(negative_slope=0.01)
    (18): Linear(in_features=67, out_features=24, bias=True)
    (19): LeakyReLU(negative_slope=0.01)
    (20): Linear(in_features=24, out_features=1, bias=True)
    (21): Sigmoid()
  )
)
================OPTIMIZER================
Adam (
Parameter Group 0
    amsgrad: False
    betas: (0.9, 0.999)
    capturable: False
    decoupled_weight_decay: False
    differentiable: False
    eps: 1e-08
    foreach: None
    fused: None
    lr: 1e-06
    maximize: False
    weight_decay: 0
)
================LOSS FUNC================
BCELoss()
=================TIMES=================
[1.1819115999969654, 0.4371806999988621, 0.4352130000042962, 0.43715810000139754, 0.4335847000038484, 0.4362436999945203, 0.43499499998870306, 0.43660040000395384, 0.4352820999920368, 0.4371075999952154, 0.43467629999213386, 0.43562519999977667, 0.43520180000632536, 0.4361972000042442, 0.4383674999990035, 0.43659730000945274, 0.4350419999973383, 0.43699809999088757, 0.43444179999642074, 0.43507429999590386, 0.4347134999989066, 0.43406790000153705, 0.43402650000643916, 0.43668099999194965, 0.43706640000164043, 0.4339741000003414, 0.43378050001047086, 0.43639750000147615, 0.43439460000081453, 0.43623540000407957, 0.43513050000183284, 0.43482810001296457, 0.4347770999884233, 0.43607220001285896, 0.4372033999970881, 0.4354938000033144, 0.43503759999293834, 0.4363046999933431, 0.43362660000275355, 0.4342379000008805, 0.4347916999977315, 0.43674999999348074, 0.43377289999625646, 0.43452609999803826, 0.4365161000023363, 0.43443459999980405, 0.43518139999650884, 0.43426150000595953, 0.43536719999974594, 0.4379137000069022, 0.4368375000049127, 0.43800029999692924, 0.4368841999967117, 0.43728749999718275, 0.43593559999135323, 0.44106729999475647, 0.43966489999729674, 0.439045699997223, 0.43711370001256, 0.4371243999921717, 0.4379782000032719, 0.43681160001142416, 0.43574830000579823, 0.43702210001356434, 0.4358209999918472, 0.437534600001527, 0.4364740000019083, 0.43767230000230484, 0.4367106999998214, 0.43848159999470226, 0.4365187999937916, 0.43723989999853075, 0.4378419999993639, 0.4386833000025945, 0.43727680000301916, 0.4363986999960616, 0.43715979999979027, 0.43911839999782387, 0.43852440000046045, 0.4384570999973221, 0.4359815000061644, 0.43751350000093225, 0.43589500000234693, 0.4368648999952711, 0.43561980000231415, 0.4386538999970071, 0.43733920001250226, 0.43792840000241995, 0.43597170000430197, 0.43782890000147745, 0.4357363000017358, 0.43643990000418853, 0.43587750000006054, 0.43722380000690464, 0.43666019999363925, 0.4379775999987032, 0.436763300007442, 0.4419860000052722, 0.4358795000007376, 0.438381500003743, 0.4366048000083538, 0.4358644000021741, 0.4366114000004018, 0.4378121000045212, 0.4363881000026595, 0.43620489999011625, 0.4358438999915961, 0.43913790000078734, 0.4356493999948725, 0.43757400001049973, 0.436490899999626, 0.4381322999979602, 0.4368754000024637, 0.4426670999964699, 0.4379126999992877, 0.4397102999937488, 0.4390328000008594, 0.4429764999949839, 0.43855679999978747, 0.4390789000026416, 0.4386182000016561, 0.4392292999982601, 0.44001969999226276, 0.44029340000997763, 0.43801820000226144, 0.4400491999986116, 0.43847500000265427, 0.43932150000182446, 0.44281340000452474, 0.438910400000168, 0.4396831000049133, 0.43911649999790825, 0.43911380000645295, 0.4396116999996593, 0.43878440000116825, 0.44202539999969304, 0.4381976000004215, 0.4418065000063507, 0.43900890000804793, 0.43851039999572095, 0.43764200000441633, 0.4395908000005875, 0.4388884999934817, 0.4435347999969963, 0.44101350000710227, 0.43966840000939555, 0.4380572999943979, 0.4397657000081381, 0.4383170999935828, 0.4381044000037946, 0.4387076999992132, 0.43842489999951795, 0.43966449999425095, 0.43954710000252817, 0.43816679999872576, 0.43889130000025034, 0.43853040000249166, 0.4424621000071056, 0.4394862000044668, 0.4400878000014927, 0.4395724999922095, 0.4393891999934567, 0.43832230000407435, 0.4378510999958962, 0.4395741999906022, 0.43949679999786895, 0.4394231000042055, 0.4389212999958545, 0.4384911000088323, 0.4395470000017667, 0.43913890000840183, 0.4407369000109611, 0.43937360000563785, 0.4481972999928985, 0.44355429999995977, 0.44078340000123717, 0.43922240000392776, 0.4461810999928275, 0.4436186000093585, 0.4391176000062842, 0.45441350000328384, 0.4396776000066893, 0.4385781000019051, 0.4402810000028694, 0.4413624000007985, 0.4443668999883812, 0.4433426000032341, 0.44121129999984987, 0.438328400006867, 0.4382183999987319, 0.4379827000084333, 0.4383430000016233, 0.4379298999992898, 0.43754339999577496, 0.43809280000277795, 0.4381483999895863, 0.4381567999953404, 0.4387414000084391, 0.4408785999985412, 0.4418071999971289, 0.43903819999832194, 0.438678999998956, 0.43925349999335594, 0.43869029999768827, 0.43905200000153854, 0.44098630000371486, 0.4380717000021832, 0.44681160000618547, 0.4416151000041282, 0.44218839998939075, 0.43991970000206493, 0.43840140000975225, 0.43793749999895226, 0.4468766000063624, 0.4376574000052642, 0.44512200000463054, 0.44080419999954756, 0.4548429999995278, 0.4634866999986116, 0.46847980000893585, 0.44841519999317825, 0.4481168000056641, 0.45214839999971446, 0.4491903000016464, 0.4523355999990599, 0.43808780000836123, 0.4449272999918321, 0.4475955999951111, 0.4565454999974463, 0.45454910000262316, 0.455432100003236, 0.45848249999107793, 0.4536184000025969, 0.4492390999948839, 0.45501400000648573, 0.4379284999886295, 0.4483436000009533, 0.4457325999974273, 0.44053469999926165, 0.45330780000949744, 0.4495991000003414, 0.43806089999270625, 0.4409434999979567, 0.4414727999974275, 0.43803799999295734, 0.4378944999916712, 0.43876239999372046, 0.4376895000023069, 0.4373817000014242, 0.43756910000229254, 0.4375580999912927, 0.4378599000046961, 0.43754869999247603, 0.4381461000011768, 0.43727140000555664, 0.4375102999911178, 0.44043970000348054, 0.43830460000026505, 0.43820590000541415, 0.43852379999589175, 0.43805609999981243, 0.43813890000456013, 0.4380107000033604, 0.4387044000031892, 0.4378982999915024, 0.4377170999941882, 0.43788620000123046, 0.4390700999938417, 0.4377529999910621, 0.43800110000302084, 0.4377013000048464, 0.4391780000005383, 0.4392828999989433, 0.4380899999960093, 0.4386099999974249, 0.44204419999732636, 0.43874749999667984, 0.4404596000094898, 0.4633316000108607, 0.4626111999968998, 0.43784289999166504, 0.4425870999984909, 0.4378911999956472, 0.43871329999819864, 0.4416032000008272, 0.44184829998994246, 0.4384448000055272, 0.4403448000084609, 0.43902069999603555, 0.43792199999734294, 0.44102480000583455, 0.44141649999073707, 0.4386344999948051, 0.44090349999896716, 0.44173390000651125, 0.4389540000120178, 0.44131880000350066, 0.4387948000075994, 0.4419511000014609, 0.44286389999615494, 0.4396642000065185, 0.4376616999943508, 0.4377416999923298, 0.4382957999914652, 0.437531300005503, 0.43806310000945814, 0.4381285999988904, 0.4379332999960752, 0.4381560000038007, 0.4386719999893103, 0.439001399994595, 0.44326729999738745, 0.43721599999116734, 0.43729390000225976, 0.43751720000000205, 0.4378298000083305, 0.43730499999946915, 0.4377933000068879, 0.4375086999934865, 0.44260989999747835, 0.4420153999963077, 0.4431436000013491, 0.43841279999469407, 0.4384643000084907, 0.4389933999918867, 0.43783770001027733, 0.43753179999475833, 0.4379326999915065, 0.43778879998717457, 0.4386101999989478, 0.4375849000061862, 0.43835979999857955, 0.43885839999711607, 0.4385152000031667, 0.44154929999785963, 0.4388428000092972, 0.4408990999945672, 0.43799270001181867, 0.4379449999978533, 0.4403564000094775, 0.43801550001080614, 0.43771460000425577, 0.4389542999997502, 0.43813500000396743, 0.4379225000011502, 0.4401765999937197, 0.43828519999806304, 0.4383543000003556, 0.43767480000678916, 0.4385443000064697, 0.44018900000082795, 0.44024630000058096, 0.43767050000315066, 0.438249699989683, 0.4382437000022037, 0.43828360000043176, 0.43902689999958966, 0.4385885999945458, 0.43863459999556653, 0.438031099998625, 0.4381250000005821, 0.43755139999848325, 0.4392740000039339, 0.43792369999573566, 0.43770609999774024, 0.439301999998861, 0.44022460000996944, 0.4377969000051962, 0.4384704999974929, 0.4382645000005141, 0.43794319999869913, 0.43869359999371227, 0.43752320000203326, 0.4404804000078002, 0.4395746000081999, 0.4385323000024073, 0.43889810000837315, 0.4374365999974543, 0.4386679000017466, 0.43882290000328794, 0.4384884000028251, 0.4395529000030365, 0.44240759999956936, 0.44078950000402983, 0.44000520001281984, 0.44225799999549054, 0.43773330000112765, 0.4376152000040747, 0.43748049999703653, 0.4381107999943197, 0.4376574000052642, 0.439178799992078, 0.43860619999759365, 0.4383882999973139, 0.43772050000552554, 0.438012600003276, 0.4376722000015434, 0.4378812999930233, 0.43820920000143815, 0.43770730000687763, 0.4383858000073815, 0.43834809999680147, 0.43787650000012945, 0.4398753999994369, 0.43817439999838825, 0.4380682000046363, 0.4398435999901267, 0.43991460000688676, 0.4378234000032535, 0.43851599999470636, 0.43746339999779593, 0.4397944000083953, 0.43818060000194237, 0.44083050001063384, 0.4375012999953469, 0.4377836999919964, 0.43771419998665806, 0.44308559999626596, 0.44316609999805223, 0.44531320000533015, 0.4563567000004696, 0.44016820000251755, 0.4374817000061739, 0.4377535999956308, 0.4659533999947598, 0.4373450999992201, 0.44950190000236034, 0.43786369998997543, 0.43808639999770094, 0.43875800000387244, 0.43764390000433195, 0.43837380000331905, 0.43758309999248013, 0.45631709998997394, 0.4372678000072483, 0.4379124000115553, 0.43781679999665357, 0.43751390000397805, 0.43820059999416117, 0.4377591000084067, 0.4416454000020167, 0.4392050000024028, 0.4393865000020014, 0.43861670000478625, 0.437810300005367, 0.4380622000026051, 0.4409737999958452, 0.43784929999674205, 0.4388355999981286, 0.4379257999971742, 0.4380567000043811, 0.4419505000114441, 0.43846219999250025, 0.4414601999887964, 0.44112970000423957, 0.4385671000054572, 0.43780790000164416, 0.4404413000011118, 0.4404450000001816, 0.43893849999585655, 0.44037850000313483, 0.4377076999953715, 0.4379581000102917, 0.44162599999981467, 0.4414635000139242, 0.44153609999921173, 0.4411289999989094, 0.43846859999757726, 0.4375329999893438, 0.4379614999925252, 0.43759469999349676, 0.43730539998796303, 0.43789460000698455, 0.43747800000710413, 0.4380500999977812, 0.4380405999982031, 0.43778480000037234, 0.4379263000009814, 0.43752669999958016, 0.43763260000559967, 0.4375947999942582, 0.4375283999979729, 0.4383687000081409, 0.4386607000051299, 0.438037699990673, 0.4421930000098655, 0.4372923000046285, 0.43826809999882244, 0.4380719000037061, 0.4383652999968035, 0.43780420000257436, 0.4376989999873331, 0.43722279999929015, 0.4373682000004919, 0.43762040000001434, 0.440358699997887, 0.4394425000064075, 0.4389928000018699, 0.4409052000119118, 0.4389826999977231, 0.44192309999198187, 0.4379625000001397, 0.4381476999988081, 0.43776790000265464, 0.4385779000003822, 0.4385448999964865, 0.4408533000096213, 0.43752770000719465, 0.4404623000009451, 0.4379146999999648, 0.43775040000036824, 0.4380649000086123, 0.4377848999865819, 0.4381740999961039, 0.4385601000103634, 0.4388279999984661, 0.43861810000089463, 0.4404864000098314, 0.4387898999993922, 0.43857530000968836, 0.43845970000256784, 0.4378681000089273, 0.4381632000004174, 0.43806790000235196, 0.4388827000075253, 0.43882970001141075, 0.4379159999953117, 0.4381934999983059, 0.43750220000219997, 0.4373873000004096, 0.43794570000318345, 0.43865460000233725, 0.44116919999942183, 0.4391581999952905, 0.4381684999971185, 0.4385980999941239, 0.4384451999940211, 0.4378582000063034, 0.4379607000009855, 0.4378690000012284, 0.43839009999646805, 0.4381113999988884, 0.4378897999995388, 0.4379326999915065, 0.4388251000054879, 0.437677399997483, 0.4374986000038916, 0.43940140001359396, 0.4386126999888802, 0.4379244000010658, 0.4380058000097051, 0.4391226000007009, 0.4382699000125285, 0.44010520000301767, 0.43823169999814127, 0.43760579999070615, 0.4379592000041157, 0.43789580000157, 0.43792799999937415, 0.43798200000310317, 0.4380770999996457, 0.4377999999996973, 0.4376252999936696, 0.44091669999761507, 0.43767149999621324, 0.43827309999323916, 0.44009790000563953, 0.4539628000056837, 0.4422622000129195, 0.43853179999860004, 0.44291909999446943, 0.4384494999976596, 0.4563565999997081, 0.4419341000029817, 0.4514608000026783, 0.45561559998895973, 0.44272710000223015, 0.45060920000832994, 0.4479862000007415, 0.4394737999973586, 0.45264119999774266, 0.45030090000364, 0.4383994999952847, 0.43992219999199733, 0.44193190000078175, 0.439694500004407, 0.43945309999980964, 0.4456266999914078, 0.43951840000227094, 0.4432009000011021, 0.4413782000046922, 0.4386559999984456, 0.4384379999974044, 0.4399610000109533, 0.43845149999833666, 0.43762060000153724, 0.4429258000018308, 0.43983380000281613, 0.4388409999955911, 0.4384159000037471, 0.4403655000060098, 0.4386261000036029, 0.43821169999137055, 0.446685000002617, 0.44711810001172125, 0.4389367999974638, 0.44637689999944996, 0.4429724000074202, 0.4380075999943074, 0.4387007000041194, 0.43838700000196695, 0.43811879999702796, 0.43764139999984764, 0.43777699999918696, 0.44011179999506567, 0.43846750000375323, 0.4382903000077931, 0.4379610999894794, 0.43789089999336284, 0.43760250000923406, 0.4381253000028664, 0.4383409000001848, 0.44059009999909904, 0.4378495999990264, 0.43753799999831244, 0.4376601000112714, 0.4378080000024056, 0.437491399992723, 0.43736160000844393, 0.43844080000417307, 0.4379004999937024, 0.4389479000092251, 0.4387350000033621, 0.4376787999935914, 0.43813260000024457, 0.43791049999708775, 0.4376349000085611, 0.43780700000934303, 0.4399377999943681, 0.4372688000003109, 0.43771559999731835, 0.4387115999998059, 0.4374097999971127, 0.43767379999917466, 0.4375123999925563, 0.4381061000021873, 0.43943969999963883, 0.43780250000418164, 0.43756269999721553, 0.43841230000543874, 0.4378346000012243, 0.4437308999913512, 0.43773890000011306, 0.43741729999601375, 0.4376914000022225, 0.43782310000096913, 0.4381520000024466, 0.4375785000011092, 0.4374468000023626, 0.43793789998744614, 0.4374616000131937, 0.4394093000009889, 0.4406313999934355, 0.43890530000498984, 0.4380584999889834, 0.4395598999981303, 0.4380742000066675, 0.4381960999889998, 0.44117750000441447, 0.44035239999357145, 0.44069809999200515, 0.4403613999893423, 0.4390138000017032, 0.44120200000179466, 0.43816570000490174, 0.44350769999437034, 0.43767400000069756, 0.4379698999982793, 0.44008889999531675, 0.4467803000006825, 0.4480520999932196, 0.4393297999922652, 0.441032599992468, 0.44042139999510255, 0.4400642999971751, 0.4386826999980258, 0.43886160000693053, 0.4396507999917958, 0.4394211000035284, 0.44377039998653345, 0.4396831000049133, 0.44024670000362676, 0.43811750000168104, 0.4419101999956183, 0.4380172999954084, 0.4444797999894945, 0.4459465999971144, 0.4378614000015659, 0.4380096999957459, 0.43754420000186656, 0.43769170000450686, 0.44086430000606924, 0.4378297999937786, 0.43860290000156965, 0.43824859999585897, 0.4383257000008598, 0.43801329999405425, 0.43812659999821335, 0.43840720001026057, 0.45158310000260826, 0.43739730000379495, 0.43848449998768046, 0.43998070000088774, 0.443010700008017, 0.4445529000076931, 0.4375149999978021, 0.4377438999945298, 0.4450953000050504, 0.4410714999976335, 0.4396514000109164, 0.4412676000065403, 0.4389089999895077, 0.4384400000126334, 0.4387944000045536, 0.43805960001191124, 0.44374319999769796, 0.43782089999876916, 0.4384725999989314, 0.44048730000213254, 0.4379258000117261, 0.4399037999974098, 0.44201329999486916, 0.44228149999980815, 0.43866240000352263, 0.4440761999867391, 0.44111630000406876, 0.43759999999019783, 0.43786000000545755, 0.4414232999988599, 0.4500162000040291, 0.44216140000207815, 0.4379726000042865, 0.4379829000099562, 0.4379313999961596, 0.44389249999949243, 0.4384891000081552, 0.43787979999615345, 0.4439101999887498, 0.4376998000079766, 0.4390906000044197, 0.4377245999930892, 0.43822880000516307, 0.4379330999945523, 0.4479486000054749, 0.4379188000020804, 0.43827060000330675, 0.43785070000740234, 0.4385702999861678, 0.43797739999718033, 0.43878520000725985, 0.4377068000030704, 0.4434548999997787, 0.43835670000407845, 0.43769439999596216, 0.4375105000071926, 0.43812209999305196, 0.43748730000515934, 0.4380123000009917, 0.43764720000035595, 0.44118300000263844, 0.44136209999851417, 0.4388803000038024, 0.4390055000112625, 0.43996449999394827, 0.4375523999915458, 0.4376521999947727, 0.43931630000588484, 0.4397282999998424, 0.4382830999966245, 0.43793729999742936, 0.4377203999902122, 0.43806669999321457, 0.4401899999938905, 0.43842180000501685, 0.4376628000027267, 0.4397710999910487, 0.4405557999998564, 0.4381042000022717, 0.43869560000894126, 0.4400231000036001, 0.4397960000060266, 0.4375663000100758, 0.43782209999335464, 0.4377109999913955, 0.4440114999888465, 0.43810210000083316, 0.43798919999971986, 0.44011789999785833, 0.4407329999958165, 0.43755139999848325, 0.43827679999230895, 0.4391462999919895, 0.43759220000356436, 0.4379404999926919, 0.44008390000090003, 0.44032740000693593, 0.4416850000125123, 0.4379863999929512, 0.45101900000008754, 0.43770840000070166, 0.43791999999666587, 0.43800259999989066, 0.44285750000562984, 0.4407885999971768, 0.43800049999845214, 0.43806830000539776, 0.4401020000077551, 0.4449012999975821, 0.43747930000245105, 0.4404653999954462, 0.4394575999904191, 0.4379936000041198, 0.4385229000035906, 0.43886129999009427, 0.4383300999907078, 0.43814969999948516, 0.44009669999650214, 0.43910809999215417, 0.43754379999882076, 0.4375274000049103, 0.4405022999999346, 0.4379080999933649, 0.44060699999681674, 0.44008169999870006, 0.44281220000993926, 0.4394352999952389, 0.4377037999947788, 0.4398994999937713, 0.4398577999963891, 0.4390458999987459, 0.4374917000095593, 0.43832329999713693, 0.43752730000414886, 0.43832790000305977, 0.4381796999950893, 0.4384963000047719, 0.4377639000013005, 0.437939199997345, 0.4403201999957673, 0.4379386000073282, 0.4378806999884546, 0.440814199988381, 0.4376314999972237, 0.43739899998763576, 0.440414900003816, 0.4375452999956906, 0.4377351000002818, 0.43746180000016466, 0.43747499999881256, 0.4376609000028111, 0.4403615000046557, 0.43769749999046326, 0.43844410000019707, 0.4375839999993332, 0.44194030000653584, 0.4380698000022676, 0.43772770000214223, 0.43744490000244696, 0.43758000001253095, 0.4372748000023421, 0.43812990000878926, 0.43783919999259524, 0.43849249999038875, 0.43754130000888836, 0.43744019999576267, 0.43748649999906775, 0.43781820000731386, 0.43767689999367576, 0.43868530000327155, 0.43792779999785125, 0.43773769999097567, 0.4375635000033071, 0.43730439999490045, 0.4376979999942705, 0.4392121999990195, 0.4401518000086071, 0.43987669999478385, 0.4391662999987602, 0.4409285000001546, 0.4392602000007173, 0.43807759998890106, 0.4412907000078121, 0.4376722000015434, 0.44037150000804104, 0.4412519000034081, 0.43831739999586716, 0.4398516000073869, 0.44074669999827165, 0.4394421000033617, 0.43784969999978784, 0.4399375000066357, 0.4378724999987753, 0.4405655000009574, 0.4385028999968199, 0.44075120000343304, 0.44071229999826755, 0.439602600003127, 0.4380961999995634, 0.44056909999926575, 0.44081260000530165, 0.43747290001192596, 0.44030970000312664, 0.4395987000025343, 0.4377502999996068, 0.43785859999479726, 0.43755819999205414, 0.43744839999999385, 0.4430180999916047, 0.438672599993879, 0.4379410999972606, 0.43788929999573156, 0.437432999999146, 0.4376890999992611, 0.4409198999928776, 0.4382692000071984, 0.4373991000029491, 0.4380393000028562, 0.44017499999608845, 0.44423370000731666, 0.43771600000036415, 0.4376814999995986, 0.43816610000794753, 0.4375962000049185, 0.4385273999942001, 0.43840249998902436, 0.43767010000010487, 0.44124770000053104, 0.43996790000528563, 0.43790000000444707, 0.44430129999818746, 0.43854970000393223, 0.44059610000113025, 0.4400957999896491, 0.4409702999982983, 0.44196280000323895, 0.4378664999967441, 0.43831570001202635, 0.437720600006287, 0.4421464000042761, 0.4406693000055384, 0.4403505999944173, 0.4427427000046009, 0.43800809999811463, 0.43784579999919515, 0.44295889999193605, 0.44773619998886716, 0.4613785000110511, 0.4470191000000341, 0.4669396999961464, 0.46617529999639373, 0.43814430000202265, 0.4443081999925198, 0.4408571999956621, 0.4402017000102205, 0.43788779999886174, 0.437567000000854, 0.4376138999941759, 0.4379490999999689, 0.4373609999893233, 0.4377838999935193, 0.43984520000230987, 0.4449171000014758, 0.43786930000351276, 0.43755800000508316, 0.4437428999954136, 0.4380434999911813, 0.4376843999925768, 0.4457455000083428, 0.43767649999062996, 0.4464620000071591, 0.43740200001047924, 0.43747419999272097, 0.43742040000506677, 0.4382837000011932, 0.44726359999913257, 0.4376358000008622, 0.4381844000017736, 0.4376489999995101, 0.4375908999936655, 0.4379058999911649, 0.438207400002284, 0.4417497000104049, 0.4417659000027925, 0.44075590001011733, 0.4378945000062231, 0.4407205999887083, 0.4381267000135267, 0.43822670000372455, 0.43763500000932254, 0.43761049999739043]
================LOSSES================
[1, 0.9993723036504716, 2, 0.9556754191186461, 3, 0.9147827977408999, 4, 0.8773258785167206, 5, 0.8448175627451272, 6, 0.8167713964354678, 7, 0.7927404218628595, 8, 0.7723852428605709, 9, 0.7553771699384312, 10, 0.7417148123278173, 11, 0.731619374904264, 12, 0.7240591238922229, 13, 0.7180769631624218, 14, 0.7133419533177362, 15, 0.7096079125867787, 16, 0.7067034121397453, 17, 0.7045794018999655, 18, 0.7030989804931936, 19, 0.7019850903651803, 20, 0.7011772353173827, 21, 0.7006316108382362, 22, 0.7003123504665203, 23, 0.7001162048272639, 24, 0.6999747241160955, 25, 0.6998746866991352, 26, 0.6997803798572858, 27, 0.6996683567628407, 28, 0.6995347994312349, 29, 0.6993560821844278, 30, 0.6991324117987299, 31, 0.698861330673999, 32, 0.6985608065468017, 33, 0.6982409403106542, 34, 0.6979216796040691, 35, 0.6976030763333736, 36, 0.6972865251132933, 37, 0.6969928011144495, 38, 0.6967203201033554, 39, 0.6964794384350139, 40, 0.6962622449208212, 41, 0.6960723165636425, 42, 0.6959028998133865, 43, 0.695743989640439, 44, 0.6955885297096264, 45, 0.6954370613753461, 46, 0.6952839128029558, 47, 0.6951242674173892, 48, 0.6949583254677352, 49, 0.6947819358590752, 50, 0.6946013213788281, 51, 0.6944208299513023, 52, 0.6942364498247836, 53, 0.6940589365279939, 54, 0.6938886158045474, 55, 0.6937246110071924, 56, 0.6935642417906539, 57, 0.69340941064902, 58, 0.6932601785136552, 59, 0.693113946905849, 60, 0.692966215688667, 61, 0.6928163851443074, 62, 0.6926644538483581, 63, 0.6925101941112831, 64, 0.6923485295133506, 65, 0.6921833633272704, 66, 0.6920162733436561, 67, 0.6918504048433755, 68, 0.6916912879364049, 69, 0.6915350110657299, 70, 0.6913833450987167, 71, 0.6912322101502286, 72, 0.6910806123672777, 73, 0.6909311116364515, 74, 0.6907860948051906, 75, 0.6906450656622096, 76, 0.6905104385129994, 77, 0.6903800155329927, 78, 0.6902488990332347, 79, 0.6901187267964412, 80, 0.6899905225181604, 81, 0.6898648771626368, 82, 0.6897430672308602, 83, 0.6896249446582019, 84, 0.6895102543972249, 85, 0.6893974105085046, 86, 0.6892858254290153, 87, 0.6891748664030343, 88, 0.6890633568717712, 89, 0.6889523681062093, 90, 0.6888444422188844, 91, 0.688737049154217, 92, 0.6886290183554507, 93, 0.688519063967718, 94, 0.688405597123115, 95, 0.6882816757301248, 96, 0.688145584905245, 97, 0.6880033362660699, 98, 0.6878680298351819, 99, 0.6877345501975561, 100, 0.6875995505722344, 101, 0.6874682225616694, 102, 0.687345337075263, 103, 0.6872343308950278, 104, 0.6871303856522257, 105, 0.6870289099003998, 106, 0.6869305665685563, 107, 0.6868320611658445, 108, 0.6867342174212664, 109, 0.6866352037737619, 110, 0.68653702008001, 111, 0.6864412583584764, 112, 0.6863455442231273, 113, 0.6862511270805957, 114, 0.6861611348539663, 115, 0.6860766317543389, 116, 0.685993267731103, 117, 0.685909797078225, 118, 0.6858265606214539, 119, 0.6857473881046066, 120, 0.6856696782906656, 121, 0.6855925312115846, 122, 0.6855133092360111, 123, 0.6854317571716172, 124, 0.6853488393567113, 125, 0.6852653680406209, 126, 0.6851815796962456, 127, 0.6850969383465654, 128, 0.6850118646511658, 129, 0.6849270233380526, 130, 0.684840280230708, 131, 0.6847541440344961, 132, 0.684669979616996, 133, 0.6845844552146244, 134, 0.6845023632818837, 135, 0.6844177312476305, 136, 0.6843340447647964, 137, 0.6842536540936164, 138, 0.6841770195367565, 139, 0.6841011361359073, 140, 0.6840233551780881, 141, 0.6839440293206248, 142, 0.6838661542874961, 143, 0.6837889689584856, 144, 0.6837103704113281, 145, 0.6836317228590701, 146, 0.6835538143340244, 147, 0.6834790049539499, 148, 0.6834034702647408, 149, 0.6833311627700306, 150, 0.6832592809582383, 151, 0.6831873718233032, 152, 0.6831165506876848, 153, 0.6830463199425455, 154, 0.6829757872200071, 155, 0.6829053545583399, 156, 0.6828341353909648, 157, 0.6827641034919313, 158, 0.6826942436268162, 159, 0.6826246518451364, 160, 0.682556633985696, 161, 0.6824895942406336, 162, 0.6824235784159488, 163, 0.6823576136407674, 164, 0.6822911117621908, 165, 0.682224709060729, 166, 0.682159534050605, 167, 0.6820951033414637, 168, 0.6820295554918465, 169, 0.6819642787010094, 170, 0.6819003509573289, 171, 0.6818349411214065, 172, 0.6817686321538993, 173, 0.6816995700733989, 174, 0.6816303978238739, 175, 0.681560274945406, 176, 0.6814917575398746, 177, 0.6814239158849407, 178, 0.6813572183668302, 179, 0.6812915214356295, 180, 0.6812254441333301, 181, 0.6811589510177442, 182, 0.6810940746682838, 183, 0.6810281222236941, 184, 0.6809629755404094, 185, 0.6808977418789172, 186, 0.6808321813696538, 187, 0.6807662353392901, 188, 0.6807002124154562, 189, 0.6806347196716368, 190, 0.680569429540589, 191, 0.6805017383719688, 192, 0.680434966476465, 193, 0.6803685585295196, 194, 0.680300199658573, 195, 0.6802358849945516, 196, 0.6801696784395022, 197, 0.6801015704863046, 198, 0.6800353382910042, 199, 0.6799691801028585, 200, 0.6799032789162139, 201, 0.679839034973101, 202, 0.6797731207533166, 203, 0.6797051384317652, 204, 0.6796377942525119, 205, 0.6795695395311454, 206, 0.6795016685261329, 207, 0.6794342542199848, 208, 0.6793684732109259, 209, 0.6793050755228331, 210, 0.6792428925315658, 211, 0.6791811344868635, 212, 0.679119244673816, 213, 0.6790574334371746, 214, 0.6789946856141087, 215, 0.678931153849586, 216, 0.678867341856435, 217, 0.6788043213754056, 218, 0.6787406729507839, 219, 0.6786763591219837, 220, 0.6786111401750928, 221, 0.6785431783008753, 222, 0.678473165167032, 223, 0.6784054856808095, 224, 0.6783372517375932, 225, 0.6782692459172112, 226, 0.678199978417924, 227, 0.6781285478892547, 228, 0.6780539225693316, 229, 0.6779774983373861, 230, 0.6779046210783494, 231, 0.6778314333226808, 232, 0.677765684872075, 233, 0.6777009097869922, 234, 0.6776344303868769, 235, 0.6775652965396874, 236, 0.6774951355086107, 237, 0.6774251366051791, 238, 0.6773556073624232, 239, 0.6772887740491002, 240, 0.6772225775363228, 241, 0.6771556610479098, 242, 0.6770853681635146, 243, 0.6770148456091769, 244, 0.6769438376933166, 245, 0.676872676141867, 246, 0.6768002260394391, 247, 0.6767281988257697, 248, 0.6766557820966255, 249, 0.6765843430712264, 250, 0.6765143749498487, 251, 0.6764446930669655, 252, 0.6763773023889853, 253, 0.6763104922228997, 254, 0.6762438104985025, 255, 0.6761789540584431, 256, 0.6761147839857929, 257, 0.6760506359100263, 258, 0.675983936860331, 259, 0.6759161766483996, 260, 0.675849401015256, 261, 0.6757820458207899, 262, 0.675717362401027, 263, 0.6756545914937491, 264, 0.6755908600959637, 265, 0.6755249405756979, 266, 0.6754586556011303, 267, 0.67539292678552, 268, 0.675326485919564, 269, 0.6752612307265509, 270, 0.6751971053273726, 271, 0.6751340271355077, 272, 0.6750727164273955, 273, 0.67501062925324, 274, 0.6749475077223925, 275, 0.6748842329798802, 276, 0.6748207839522349, 277, 0.674758439679962, 278, 0.6746973565338428, 279, 0.6746358512594637, 280, 0.6745744731582822, 281, 0.6745139426847035, 282, 0.6744533681978644, 283, 0.6743923364863074, 284, 0.6743313997783936, 285, 0.6742712028587946, 286, 0.6742102930342191, 287, 0.6741480522203341, 288, 0.6740854687947073, 289, 0.6740231096067911, 290, 0.6739591578318604, 291, 0.6738954669879804, 292, 0.6738292594021623, 293, 0.673764198084345, 294, 0.6736960014898853, 295, 0.6736294851790945, 296, 0.6735594618131697, 297, 0.6734887086216844, 298, 0.6734156038590677, 299, 0.6733424229446544, 300, 0.6732699470356346, 301, 0.6731997045126265, 302, 0.6731253308372972, 303, 0.6730500598519805, 304, 0.6729802299329737, 305, 0.6729119668192027, 306, 0.6728416553287676, 307, 0.67276667415065, 308, 0.6726913623992715, 309, 0.6726187524312732, 310, 0.6725481097512942, 311, 0.6724774490823444, 312, 0.6724063241956845, 313, 0.6723358285532902, 314, 0.6722651726595439, 315, 0.6721940161215068, 316, 0.6721250599550499, 317, 0.6720552995027712, 318, 0.6719869873971536, 319, 0.6719177142894569, 320, 0.67184795180457, 321, 0.6717774190360086, 322, 0.6717068289114563, 323, 0.6716359529840378, 324, 0.6715668928278962, 325, 0.6714968150445274, 326, 0.6714263113613944, 327, 0.6713557979674459, 328, 0.6712854143974254, 329, 0.6712163079776113, 330, 0.6711461509769535, 331, 0.6710751962871428, 332, 0.6710041852341389, 333, 0.6709330034713468, 334, 0.6708612850315655, 335, 0.6707889001537405, 336, 0.6707179058086169, 337, 0.6706457464650504, 338, 0.6705747753358828, 339, 0.6705030265227732, 340, 0.6704323117339378, 341, 0.6703607431863364, 342, 0.6702877423401964, 343, 0.6702134312939244, 344, 0.6701373406458185, 345, 0.6700606358039147, 346, 0.6699858969383962, 347, 0.6699130792918757, 348, 0.6698416621174463, 349, 0.6697697695227299, 350, 0.6696986530426666, 351, 0.6696267154267782, 352, 0.6695543592968346, 353, 0.6694813054298951, 354, 0.6694058814227692, 355, 0.6693344522820108, 356, 0.6692594914109924, 357, 0.6691875667781984, 358, 0.6691142323125644, 359, 0.6690455728518708, 360, 0.6689750164791549, 361, 0.6689057524645555, 362, 0.6688368472583216, 363, 0.6687686236918752, 364, 0.6687024360821832, 365, 0.6686378984205107, 366, 0.6685740874190055, 367, 0.6685098237659054, 368, 0.6684443509661685, 369, 0.668378414649455, 370, 0.6683129267730169, 371, 0.6682463071648438, 372, 0.6681796852895922, 373, 0.6681128509661786, 374, 0.6680477982816845, 375, 0.6679821988163613, 376, 0.6679161221028633, 377, 0.6678495127890074, 378, 0.6677827108316479, 379, 0.6677187154250899, 380, 0.6676505196096111, 381, 0.6675834107016562, 382, 0.6675166417236946, 383, 0.6674489390804672, 384, 0.6673831513097979, 385, 0.6673172933285109, 386, 0.6672496965501696, 387, 0.6671832951897472, 388, 0.667116422547061, 389, 0.6670516018422004, 390, 0.6669864883863454, 391, 0.6669206991745247, 392, 0.6668549191644092, 393, 0.666788351000269, 394, 0.6667211730596836, 395, 0.6666541824640779, 396, 0.6665880722482479, 397, 0.6665227207971739, 398, 0.6664575431483187, 399, 0.6663915037871146, 400, 0.6663291767127959, 401, 0.6662631440669676, 402, 0.6661970407284652, 403, 0.6661399273408084, 404, 0.6660657125323044, 405, 0.6660039413369921, 406, 0.6659308328767173, 407, 0.665858650212025, 408, 0.6657847253229449, 409, 0.6657074416259721, 410, 0.6656349313441902, 411, 0.6655591584103117, 412, 0.6654861735614286, 413, 0.6654117825081363, 414, 0.6653374141419098, 415, 0.6652653019409435, 416, 0.6651943415187518, 417, 0.6651230459760596, 418, 0.6650518107786274, 419, 0.6649806861515856, 420, 0.664908711751262, 421, 0.6648355483477942, 422, 0.6647601899751254, 423, 0.6646859377961049, 424, 0.6646129730363265, 425, 0.664540513435809, 426, 0.6644707965270584, 427, 0.6643982810583811, 428, 0.664330548803221, 429, 0.6642579002024209, 430, 0.6641877948386143, 431, 0.6641185192019667, 432, 0.6640488349919894, 433, 0.6639781349184328, 434, 0.6639059392415286, 435, 0.663834213357049, 436, 0.6637635317699591, 437, 0.6636936034172516, 438, 0.6636197624379142, 439, 0.6635475009839124, 440, 0.6634758139643756, 441, 0.6634035957009966, 442, 0.6633352780768424, 443, 0.6632594129428822, 444, 0.6631850098982571, 445, 0.6631117307540307, 446, 0.663035055522105, 447, 0.6629610508746892, 448, 0.6628826295037922, 449, 0.6628098156542913, 450, 0.6627391172992657, 451, 0.6626648382019477, 452, 0.662582631439139, 453, 0.6625093065993255, 454, 0.6624193984556388, 455, 0.6623416544298403, 456, 0.6622582822875072, 457, 0.6621776491335342, 458, 0.6620974915220376, 459, 0.6620184217215089, 460, 0.6619389027825977, 461, 0.6618547289402515, 462, 0.6617691512345583, 463, 0.6616851825681141, 464, 0.661600192413913, 465, 0.6615146860799656, 466, 0.6614260606132348, 467, 0.6613368124613794, 468, 0.661244082684253, 469, 0.6611492551663934, 470, 0.6610546016692487, 471, 0.6609635556787095, 472, 0.6608695513000622, 473, 0.6607749952254449, 474, 0.6606786858994067, 475, 0.6605805677024134, 476, 0.6604829202215231, 477, 0.6603838883826869, 478, 0.6602848574878754, 479, 0.6601875113422139, 480, 0.6600863483325979, 481, 0.6599849638474063, 482, 0.6598858890379173, 483, 0.6597906950348542, 484, 0.6596938200357404, 485, 0.6595951174254419, 486, 0.6594961357202651, 487, 0.6594008848202594, 488, 0.6593035783896876, 489, 0.659201012979521, 490, 0.659082704105987, 491, 0.658951357123141, 492, 0.6587973458656947, 493, 0.6585955351212007, 494, 0.658295249742708, 495, 0.6580437885062497, 496, 0.6578511653457514, 497, 0.6577606767845436, 498, 0.6576439200661907, 499, 0.6574665241771445, 500, 0.6573074576265059, 501, 0.6571198026608224, 502, 0.6569646120560507, 503, 0.6568167003530699, 504, 0.6566740256060323, 505, 0.6565250377781781, 506, 0.6563726184367455, 507, 0.6562365964042877, 508, 0.6560888815842758, 509, 0.655948158704515, 510, 0.6558045943123932, 511, 0.6556597597307094, 512, 0.6555176067470051, 513, 0.6553764957258283, 514, 0.6552407857194296, 515, 0.6551056183477642, 516, 0.6549702231347196, 517, 0.6548309899158798, 518, 0.6546974788455353, 519, 0.6545655024474735, 520, 0.6544387132789359, 521, 0.6543099345682833, 522, 0.6541851429861362, 523, 0.6540668522121255, 524, 0.6539403399194713, 525, 0.6538092067628558, 526, 0.653679284084713, 527, 0.653553219799769, 528, 0.6534246854103148, 529, 0.6532984511208059, 530, 0.6531733703785951, 531, 0.6530454566352853, 532, 0.6529175084492197, 533, 0.6527906763693955, 534, 0.6526665836747606, 535, 0.6525466227311892, 536, 0.652424238812688, 537, 0.652303317242076, 538, 0.6521817825358417, 539, 0.6520604540318312, 540, 0.6519419609812118, 541, 0.651822587466001, 542, 0.6517032521213075, 543, 0.651584548766508, 544, 0.6514668324550996, 545, 0.6513491164807002, 546, 0.6512284865285182, 547, 0.6511075488278307, 548, 0.6509878143793677, 549, 0.6508677073660701, 550, 0.6507469626132876, 551, 0.6506256989592484, 552, 0.6505085790356153, 553, 0.6503911276639179, 554, 0.6502758861061864, 555, 0.6501583289128178, 556, 0.6500426101924662, 557, 0.6499260564687512, 558, 0.6498098984023303, 559, 0.6496929497635204, 560, 0.6495726409058463, 561, 0.649451191401529, 562, 0.6493329647933004, 563, 0.6492111170419328, 564, 0.6490920255888346, 565, 0.6489722623801981, 566, 0.648852451390976, 567, 0.6487318144779911, 568, 0.6486101189927888, 569, 0.6484899792972526, 570, 0.6483647738066216, 571, 0.6482458662774172, 572, 0.6481219935955145, 573, 0.6479923111378918, 574, 0.6478724191788351, 575, 0.6477483652876415, 576, 0.6476251868737605, 577, 0.647507881895512, 578, 0.6473859409493017, 579, 0.6472680048720645, 580, 0.64714989271431, 581, 0.6470256408707792, 582, 0.6469074372091993, 583, 0.646782019553637, 584, 0.6466599934006808, 585, 0.646536261974265, 586, 0.6464101619330199, 587, 0.6462906994110031, 588, 0.646167309695873, 589, 0.6460450850302424, 590, 0.6459277199759451, 591, 0.6458091131828506, 592, 0.645687519980271, 593, 0.645570401735069, 594, 0.645453815906385, 595, 0.6453345541020096, 596, 0.6452140679023596, 597, 0.645096574760557, 598, 0.6449775362010709, 599, 0.644850244823992, 600, 0.6447256686315953, 601, 0.6446053671313929, 602, 0.6444828300570675, 603, 0.6443558556446624, 604, 0.64422988030618, 605, 0.6441042377194589, 606, 0.64397732272814, 607, 0.6438527306382538, 608, 0.6437237548568564, 609, 0.643592864075819, 610, 0.6434623429125469, 611, 0.6433302350044062, 612, 0.6431986800529856, 613, 0.6430660952006426, 614, 0.6429308043931105, 615, 0.6428014986068153, 616, 0.6426706679495645, 617, 0.6425388084392093, 618, 0.6424047931049794, 619, 0.6422680865591247, 620, 0.6421309244429932, 621, 0.6419925386141209, 622, 0.6418537199371429, 623, 0.6417081623909394, 624, 0.6415594545651735, 625, 0.6414108744089101, 626, 0.6412629371947051, 627, 0.6411272664054073, 628, 0.6409948193567416, 629, 0.6408614588123129, 630, 0.6407293838472525, 631, 0.6405906220674118, 632, 0.6404529085633646, 633, 0.6403170613574949, 634, 0.6401762980191105, 635, 0.6400376652744992, 636, 0.6399021460158524, 637, 0.6397663990145859, 638, 0.6396258032176718, 639, 0.6394857752972868, 640, 0.639346024038198, 641, 0.6392064976553379, 642, 0.639070301806266, 643, 0.6389381428602496, 644, 0.6387980935610936, 645, 0.63865782295169, 646, 0.6385188797659676, 647, 0.638376944781313, 648, 0.6382319302947371, 649, 0.638087493962832, 650, 0.6379411002453904, 651, 0.6377964568961318, 652, 0.6376538409916307, 653, 0.6375112897577209, 654, 0.6373666222241512, 655, 0.6372222185212856, 656, 0.6370759610681096, 657, 0.6369301105645842, 658, 0.6367866534836505, 659, 0.6366433627178865, 660, 0.6365017574483507, 661, 0.6363577187363053, 662, 0.636212078126522, 663, 0.6360668822349846, 664, 0.635924883486001, 665, 0.6357794743946779, 666, 0.6356299457838271, 667, 0.6354848817600689, 668, 0.6353320541565236, 669, 0.635177991135697, 670, 0.6350222932114276, 671, 0.6348641883483126, 672, 0.6347064338101923, 673, 0.6345495609913467, 674, 0.6343895524900106, 675, 0.6342186920056139, 676, 0.6340472565061899, 677, 0.6338868840130119, 678, 0.6337308699723131, 679, 0.6335727776254195, 680, 0.6334148479613387, 681, 0.6332551719200978, 682, 0.6330951202806452, 683, 0.6329373244770544, 684, 0.6327781415875704, 685, 0.6326189656940249, 686, 0.6324592954340548, 687, 0.6322970201400284, 688, 0.6321336076305468, 689, 0.6319715888395987, 690, 0.6318100379487384, 691, 0.6316473246945532, 692, 0.6314854131015258, 693, 0.6313204341121892, 694, 0.631155046087075, 695, 0.6309877255654983, 696, 0.630821865056478, 697, 0.6306530710101257, 698, 0.6304870920039003, 699, 0.6303228681702966, 700, 0.6301553277498443, 701, 0.6299894520077922, 702, 0.6298253368829265, 703, 0.6296583362137642, 704, 0.6294839641146125, 705, 0.6293092399218956, 706, 0.629135206467216, 707, 0.6289642684231089, 708, 0.6287939006532578, 709, 0.628616693659736, 710, 0.6284315323327421, 711, 0.6282469403010401, 712, 0.6280628211393472, 713, 0.6278859123919778, 714, 0.6277118174335962, 715, 0.627534781994388, 716, 0.6273624010396678, 717, 0.6271903782510972, 718, 0.6270231920000504, 719, 0.6268554182320694, 720, 0.6266872989174825, 721, 0.6265198514296932, 722, 0.6263477397875399, 723, 0.626173958762695, 724, 0.6260042804229461, 725, 0.6258343641060404, 726, 0.6256612325832053, 727, 0.6254909545221312, 728, 0.6253219559121863, 729, 0.6251550376226949, 730, 0.6249888130325069, 731, 0.6248220675940189, 732, 0.6246430164484266, 733, 0.6244548922924181, 734, 0.6242505298111708, 735, 0.6240532878344751, 736, 0.6238631141565371, 737, 0.6236891191226251, 738, 0.6235273251192417, 739, 0.6233674719084942, 740, 0.6232040421443796, 741, 0.6230300685831179, 742, 0.622827909360024, 743, 0.6226212298592566, 744, 0.6224234726447772, 745, 0.6222379409460167, 746, 0.6220669021389553, 747, 0.6219058556270215, 748, 0.6217575190027737, 749, 0.6215962669927174, 750, 0.6214082087552154, 751, 0.6212050127981151, 752, 0.620984173560636, 753, 0.6207798920170208, 754, 0.6206014220075808, 755, 0.6204389475535677, 756, 0.6202765545563825, 757, 0.6200952390524305, 758, 0.6198950887652716, 759, 0.6196917052297962, 760, 0.6195019495786773, 761, 0.6193278050458622, 762, 0.6191605989739047, 763, 0.6189923449276845, 764, 0.6188117099064562, 765, 0.6186174629403669, 766, 0.6184251012528157, 767, 0.6182324607527826, 768, 0.6180428341066083, 769, 0.6178525710156736, 770, 0.6176651969990641, 771, 0.6174845978159929, 772, 0.6173069127992704, 773, 0.6171442235042287, 774, 0.6169930319085172, 775, 0.6168485876659814, 776, 0.6166986676491976, 777, 0.6165065593023853, 778, 0.6162808388695804, 779, 0.6160458856741245, 780, 0.6158391877922689, 781, 0.6156653630412683, 782, 0.6155170740065907, 783, 0.615376443316302, 784, 0.6152131705102878, 785, 0.6149897756563768, 786, 0.6147493693631754, 787, 0.6145525482148629, 788, 0.614400471318643, 789, 0.6142616903565535, 790, 0.6141037431777131, 791, 0.6139180725771548, 792, 0.6136932044797113, 793, 0.6134723657344796, 794, 0.6132805242835805, 795, 0.6131130964708841, 796, 0.6129627006280982, 797, 0.612800130568591, 798, 0.6126171104304489, 799, 0.6124057628018855, 800, 0.6121902373255652, 801, 0.6119781425982171, 802, 0.6117710409745848, 803, 0.6115641319413462, 804, 0.6113653589004251, 805, 0.6111694472104869, 806, 0.6109727292860124, 807, 0.610776525972648, 808, 0.6105896806207374, 809, 0.6104000769847645, 810, 0.6102137626408808, 811, 0.6100034134777106, 812, 0.6097859232162409, 813, 0.6095610740418107, 814, 0.6093302773159783, 815, 0.6091012588519802, 816, 0.6088685831750833, 817, 0.6086315391432053, 818, 0.6084024073171451, 819, 0.6081824081779454, 820, 0.6079724455560885, 821, 0.6077768130628409, 822, 0.6075893999943713, 823, 0.6074225251077304, 824, 0.6072398589372333, 825, 0.6070246737532761, 826, 0.6067551732976304, 827, 0.6064560910073861, 828, 0.606198247986842, 829, 0.6059872534727546, 830, 0.6058166854955481, 831, 0.6056528241041342, 832, 0.6054788764406009, 833, 0.6052548442506468, 834, 0.6049855257728958, 835, 0.6046905928735508, 836, 0.6044159909663622, 837, 0.6041785549145423, 838, 0.6039764383152829, 839, 0.6037805354010479, 840, 0.6035862774889985, 841, 0.603392726828275, 842, 0.6031907344151077, 843, 0.6029755638156554, 844, 0.6027228588612917, 845, 0.6024510820362673, 846, 0.6021887684316928, 847, 0.60195201418872, 848, 0.6017355203048516, 849, 0.6015295119786005, 850, 0.6013371600414888, 851, 0.6011554647570289, 852, 0.6009837049649215, 853, 0.6008236529271576, 854, 0.6006537425840194, 855, 0.6004405605426065, 856, 0.6001729830386906, 857, 0.5998829988258441, 858, 0.5996055837649352, 859, 0.5993723612141596, 860, 0.5991742533236293, 861, 0.5990097484993379, 862, 0.5988697655045557, 863, 0.5987477033491467, 864, 0.5985988344741696, 865, 0.5983919590696606, 866, 0.5980975999287411, 867, 0.5977821486341336, 868, 0.5974831735471492, 869, 0.5972526312060152, 870, 0.5970822724185276, 871, 0.5969314069091867, 872, 0.5967673969075543, 873, 0.596565378038551, 874, 0.5963127546689846, 875, 0.5960245307121658, 876, 0.5957468402143686, 877, 0.5955126863601008, 878, 0.5953317670243173, 879, 0.5951848711498267, 880, 0.595032674919408, 881, 0.5948770206514641, 882, 0.5946712482871851, 883, 0.5944130024883109, 884, 0.5941121576179439, 885, 0.5938337446936472, 886, 0.5935980539596715, 887, 0.5934101865628053, 888, 0.5932549829539653, 889, 0.5931078424673287, 890, 0.5929508273119469, 891, 0.5927418695734509, 892, 0.5924983497731143, 893, 0.5922174180159153, 894, 0.5919538996603921, 895, 0.5917179387737825, 896, 0.5915101769287744, 897, 0.5913208986076931, 898, 0.5911445387700871, 899, 0.5909885063234781, 900, 0.5908266819661807, 901, 0.5906819079018562, 902, 0.5904858118794425, 903, 0.5902664333745393, 904, 0.5899852605042808, 905, 0.5896773319834172, 906, 0.5893818723142785, 907, 0.589135567390701, 908, 0.5889302828830674, 909, 0.5887555965801271, 910, 0.5886089025593859, 911, 0.5884746434175803, 912, 0.5883405516355613, 913, 0.5881460659531197, 914, 0.5879148677646601, 915, 0.5876199139890824, 916, 0.5873333532760718, 917, 0.5870711509677756, 918, 0.586858011689143, 919, 0.5866823900874385, 920, 0.5865355299197692, 921, 0.5864060635074627, 922, 0.5862663610613547, 923, 0.586093802652692, 924, 0.5858513727850095, 925, 0.5855613915718273, 926, 0.5852626833863898, 927, 0.5850013101845941, 928, 0.5847764724728783, 929, 0.5845805798840603, 930, 0.5844148884395194, 931, 0.584258346860614, 932, 0.5841133514249917, 933, 0.5839405738004453, 934, 0.5837260343181623, 935, 0.5834522737283614, 936, 0.5831488992695196, 937, 0.5828573453724494, 938, 0.5826020884791364, 939, 0.5823896211228436, 940, 0.5822181301088952, 941, 0.5820747041619057, 942, 0.5819544228384755, 943, 0.5818291018484719, 944, 0.5816875419198437, 945, 0.581477556338615, 946, 0.5811926245359339, 947, 0.5808379740258741, 948, 0.5804951912602813, 949, 0.5802110886434356, 950, 0.57999143578591, 951, 0.5798336697694331, 952, 0.5797018031818386, 953, 0.5795725248173355, 954, 0.5794373868626294, 955, 0.5792679937404973, 956, 0.579031462018519, 957, 0.5787415141591866, 958, 0.5784306168213496, 959, 0.5781407373061741, 960, 0.5778904744557349, 961, 0.5776925067214213, 962, 0.577528474222298, 963, 0.5773929241276515, 964, 0.5772554437601369, 965, 0.5770987472302374, 966, 0.5768990789420357, 967, 0.5766666727805633, 968, 0.5764091411371479, 969, 0.5761307217538921, 970, 0.5758537667666599, 971, 0.5756006076602384, 972, 0.57537838143495, 973, 0.575165646551615, 974, 0.5749694780570719, 975, 0.5747986782324359, 976, 0.5746467561592813, 977, 0.5745060768395333, 978, 0.5743901532821662, 979, 0.5742605005202737, 980, 0.5741077518784288, 981, 0.5738819630285368, 982, 0.5736031726290127, 983, 0.5732754707016152, 984, 0.5729517837874835, 985, 0.5726785069369769, 986, 0.5724659263828423, 987, 0.5722998450297506, 988, 0.5721676345418153, 989, 0.5720668334687251, 990, 0.571968986712922, 991, 0.5718434479869613, 992, 0.5716421583252392, 993, 0.571371746642534, 994, 0.5710471947350935, 995, 0.5707054784551872, 996, 0.5704227410372787, 997, 0.5702054331705181, 998, 0.5700450309844665, 999, 0.5699273797144226, 1000, 0.5698277593392165]