COMMENT:
run 26: last trun shown that current learning pipeline doesn't work anymore (reason unknown), added a layer as an experiment, lr 1e-05, bs 30, 1500 epochs, adam, bce
=================MODEL=================
NeuralNetwork(
  (neural_stack): Sequential(
    (0): Linear(in_features=8575, out_features=4096, bias=True)
    (1): LeakyReLU(negative_slope=0.01)
    (2): Linear(in_features=4096, out_features=2048, bias=True)
    (3): LeakyReLU(negative_slope=0.01)
    (4): Linear(in_features=2048, out_features=1024, bias=True)
    (5): LeakyReLU(negative_slope=0.01)
    (6): Linear(in_features=1024, out_features=512, bias=True)
    (7): LeakyReLU(negative_slope=0.01)
    (8): Linear(in_features=512, out_features=256, bias=True)
    (9): LeakyReLU(negative_slope=0.01)
    (10): Linear(in_features=256, out_features=128, bias=True)
    (11): LeakyReLU(negative_slope=0.01)
    (12): Linear(in_features=128, out_features=50, bias=True)
    (13): LeakyReLU(negative_slope=0.01)
    (14): Linear(in_features=50, out_features=30, bias=True)
    (15): LeakyReLU(negative_slope=0.01)
    (16): Linear(in_features=30, out_features=5, bias=True)
    (17): LeakyReLU(negative_slope=0.01)
    (18): Linear(in_features=5, out_features=1, bias=True)
    (19): Sigmoid()
  )
)
================OPTIMIZER================
Adam (
Parameter Group 0
    amsgrad: False
    betas: (0.9, 0.999)
    capturable: False
    decoupled_weight_decay: False
    differentiable: False
    eps: 1e-08
    foreach: None
    fused: None
    lr: 1e-05
    maximize: False
    weight_decay: 0
)
================LOSS FUNC================
BCELoss()
================LOSSES================
[1, 0.6929432295428316, 2, 0.7033662729186401, 3, 0.6940347715114689, 4, 0.6951288084945306, 5, 0.6928750522566243, 6, 0.693153865763398, 7, 0.6929075744091285, 8, 0.6938991482573321, 9, 0.6942255824808918, 10, 0.6919538686616012, 11, 0.6906299613667852, 12, 0.6926839800755228, 13, 0.6749599027061071, 14, 0.6930208199903779, 15, 0.6922098107933785, 16, 0.691852989877656, 17, 0.6939826300722225, 18, 0.6917530765665486, 19, 0.6930067825297388, 20, 0.6934099883911894, 21, 0.6921058860170677, 22, 0.6930219329056009, 23, 0.6935028016318573, 24, 0.6946136317716649, 25, 0.6921958353988202, 26, 0.694664271183316, 27, 0.6906892377506113, 28, 0.6932602955902103, 29, 0.693466532285295, 30, 0.6925534226830081, 31, 0.7313439330453216, 32, 0.6923810585620905, 33, 0.6930626084683292, 34, 0.6928498104964038, 35, 0.6926581515734791, 36, 0.6932447231070599, 37, 0.6930932644916591, 38, 0.6704216082028469, 39, 0.6934327961871277, 40, 0.690265252209972, 41, 0.6930518155860476, 42, 0.6955838178443556, 43, 0.6931889916910181, 44, 0.6923864453303683, 45, 0.6929816466656641, 46, 0.6925958038659126, 47, 0.692606165365502, 48, 0.6956407155569198, 49, 0.6926342836059, 50, 0.6698325602130618, 51, 0.6940297717325961, 52, 0.6704365927080784, 53, 0.6954746412504332, 54, 0.6936845776860533, 55, 0.6925455500958968, 56, 0.6924030213377402, 57, 0.691797349707714, 58, 0.6927881806131672, 59, 0.6934189692962551, 60, 0.6936911815276642, 61, 0.6935809671133076, 62, 0.6914993554123988, 63, 0.6952342972052634, 64, 0.6709054188483675, 65, 0.6949807464918772, 66, 0.692084002627014, 67, 0.6929858704129374, 68, 0.692881287355826, 69, 0.6944071945752891, 70, 0.6930358869175672, 71, 0.6929163822719792, 72, 0.6929536253261713, 73, 0.6933635717296712, 74, 0.6933593063021363, 75, 0.6942245424076087, 76, 0.6947279972436559, 77, 0.6928302065199541, 78, 0.6941036868627092, 79, 0.6890943711921482, 80, 0.6919202158538781, 81, 0.6937279791404499, 82, 0.696926472602427, 83, 0.6935202909856877, 84, 0.6917985036683655, 85, 0.6915983660040403, 86, 0.6918249773177092, 87, 0.6932802425880791, 88, 0.6927964826894585, 89, 0.6917355850745134, 90, 0.6922312344751139, 91, 0.6900899060902045, 92, 0.6908424234506693, 93, 0.6970098383064555, 94, 0.6890640727052729, 95, 0.6908720266873541, 96, 0.6928023354153552, 97, 0.6920421406904994, 98, 0.692340311434475, 99, 0.6909749577379143, 100, 0.7030882091834502, 101, 0.6935552178452695, 102, 0.6931165265035557, 103, 0.6929583064539598, 104, 0.6923896646740173, 105, 0.6924402282095223, 106, 0.6928205089609782, 107, 0.6930137466383407, 108, 0.6940642072484721, 109, 0.6951675993187826, 110, 0.6928480820261957, 111, 0.6933338065885672, 112, 0.6917560335243945, 113, 0.6931962186234844, 114, 0.694221932754778, 115, 0.686077988499663, 116, 0.6931858040668192, 117, 0.6927792599764968, 118, 0.6928432782224877, 119, 0.6938387897491242, 120, 0.6930625152828045, 121, 0.6881338650932167, 122, 0.6934840005821975, 123, 0.6930022899395565, 124, 0.6930138998744302, 125, 0.6924926779500521, 126, 0.6920892621620142, 127, 0.7006912185805163, 128, 0.6930395233456387, 129, 0.6926593906865406, 130, 0.6916891750137086, 131, 0.6943848950510656, 132, 0.6936064054809121, 133, 0.6930733344769113, 134, 0.692869538105626, 135, 0.6923336092547747, 136, 0.6932038747007908, 137, 0.6661154889946095, 138, 0.6927516396973881, 139, 0.6927137715164876, 140, 0.6927289190824631, 141, 0.6919762986276223, 142, 0.6930975822482323, 143, 0.692903354637482, 144, 0.6929357872504122, 145, 0.6929257896488037, 146, 0.6934405132632266, 147, 0.6952715760058079, 148, 0.6929618093463148, 149, 0.6914908958448713, 150, 0.6675666509386067, 151, 0.6937992862245986, 152, 0.6899126238401178, 153, 0.6926967721508585, 154, 0.6923900031502427, 155, 0.6933162005707523, 156, 0.6951345819313348, 157, 0.6904958656668947, 158, 0.6904587726465887, 159, 0.6926047826230092, 160, 0.699124817867683, 161, 0.6898292221166122, 162, 0.6704982524818602, 163, 0.6675690409551756, 164, 0.6920738409834087, 165, 0.6982086777094945, 166, 0.6932682241188814, 167, 0.6891090253116455, 168, 0.694998861967376, 169, 0.6965692075114712, 170, 0.6929835801811889, 171, 0.6916733340005305, 172, 0.6938265242075567, 173, 0.6913606186137763, 174, 0.6922575761108996, 175, 0.6723088647929054, 176, 0.692549905043222, 177, 0.6934133164664356, 178, 0.6951211813602935, 179, 0.6930442083475012, 180, 0.6951294246272596, 181, 0.6690654311448163, 182, 0.6930021542970903, 183, 0.6931044621243299, 184, 1.2384474319299732, 185, 0.6989704600470614, 186, 0.6705423982454864, 187, 0.6895939052002933, 188, 0.6951673192155929, 189, 0.6700994989159794, 190, 0.6940826048512768, 191, 0.6925705713792908, 192, 0.6931485674910203, 193, 0.6927760983133288, 194, 0.6920346083998083, 195, 0.6925396144377157, 196, 0.6922226666241502, 197, 0.6930805162753366, 198, 0.694221023789872, 199, 0.69117297369427, 200, 0.6926153399532462, 201, 0.6855996628545031, 202, 0.6713646690118931, 203, 0.6941832991005719, 204, 0.670234622760854, 205, 0.6946507510754683, 206, 0.6915607751393597, 207, 0.6697625344006445, 208, 0.6929171292981924, 209, 0.692631222533993, 210, 0.6928445508974245, 211, 0.6903120270359128, 212, 0.6922599901057805, 213, 0.693021774496137, 214, 0.6903083005205775, 215, 0.688853751372449, 216, 0.6995382726409962, 217, 0.686704248371086, 218, 0.69057902569975, 219, 0.6937821182018286, 220, 0.6947287782804482, 221, 0.6939846501064876, 222, 0.6944857844432378, 223, 0.6862546955782914, 224, 0.6927669715661139, 225, 0.6847220440710662, 226, 0.692390707729169, 227, 0.6939183297574154, 228, 0.6912127587092918, 229, 0.6910371231676535, 230, 0.6937512039230846, 231, 0.6927825303897354, 232, 0.6924276118234515, 233, 0.6967849266237668, 234, 0.6923905329845146, 235, 0.6691798994024006, 236, 0.6909685806211231, 237, 0.7017550399645219, 238, 0.6922707463093754, 239, 0.6941028901861922, 240, 0.6940997398603421, 241, 0.6898673960023699, 242, 0.703211865141724, 243, 0.6877924422330627, 244, 0.6938584738969733, 245, 0.6892458050608741, 246, 0.6903219282204461, 247, 0.6911101536585268, 248, 0.6901584823437261, 249, 0.6865534712732829, 250, 0.7003843453902939, 251, 0.6906526797377336, 252, 0.696114482772357, 253, 0.6933763308126882, 254, 0.6913239363589566, 255, 0.6928291964359593, 256, 0.6921190379021779, 257, 0.6934568265125609, 258, 0.6933838261540984, 259, 0.6703824501482593, 260, 0.6944485602646552, 261, 0.6924606143238796, 262, 0.6928513871321518, 263, 0.6694912660080401, 264, 0.6922918854344632, 265, 0.6927528082387001, 266, 0.6956888949656377, 267, 0.6930452513784412, 268, 0.693222119777639, 269, 0.6929122182738695, 270, 0.6905699081959791, 271, 0.667029217166596, 272, 0.6895188777753094, 273, 0.6908164791580819, 274, 0.6922676091918717, 275, 0.6976253828244546, 276, 0.6828012010659925, 277, 0.6905110224328742, 278, 0.6968136907185206, 279, 0.6919873500665324, 280, 0.692387596741165, 281, 0.6883604972868713, 282, 0.6930120772932167, 283, 0.6905226512321323, 284, 0.6929743265494598, 285, 0.6890036876757579, 286, 0.6963091007709648, 287, 0.6652329210366851, 288, 0.6839577247304189, 289, 0.6925509691946448, 290, 0.6882599951910302, 291, 0.6966216786750405, 292, 0.6999359215910492, 293, 0.6870292410957952, 294, 0.6761360103576933, 295, 0.6845270977330687, 296, 0.683119107322966, 297, 0.6995431889008388, 298, 0.6843117851861337, 299, 0.6923122166865983, 300, 0.6926571694698117, 301, 0.6876324590241113, 302, 0.6868542801321839, 303, 0.6929469249417914, 304, 0.6929217756198456, 305, 0.6857347354942533, 306, 0.6870603396439272, 307, 0.7060975137618453, 308, 0.697886299887643, 309, 0.6692701232288203, 310, 0.6888883341363389, 311, 0.6972175005989112, 312, 0.6823234910337612, 313, 0.7035708423257483, 314, 0.6913016356102546, 315, 0.6818879424084109, 316, 0.679035877391205, 317, 0.6910027212977987, 318, 0.6879490697498021, 319, 0.6966255747282335, 320, 0.6929663782218143, 321, 0.6846378744815149, 322, 0.6916125200974008, 323, 0.6909246827218866, 324, 0.6955238187846274, 325, 0.6678779255023819, 326, 0.6721988156258539, 327, 0.6914899185194762, 328, 0.6894881658143518, 329, 0.69286306013329, 330, 0.6923561620428031, 331, 0.685531218283154, 332, 0.6453633106472548, 333, 0.6933003233402455, 334, 0.6916645152454444, 335, 0.690468333554384, 336, 0.6936026355744367, 337, 0.6934598015446726, 338, 0.6944983146650225, 339, 0.692973682496531, 340, 0.6930129884373033, 341, 0.6927790611933996, 342, 0.693022691755044, 343, 0.7050952113218053, 344, 0.6920555380701838, 345, 0.6935364852689994, 346, 0.6694002192928716, 347, 0.6930642687168704, 348, 0.6930005109262419, 349, 0.6907236769255288, 350, 0.6929712055467484, 351, 0.6928616754768046, 352, 0.669742445176874, 353, 0.693490943294222, 354, 0.6891479984860426, 355, 0.6701635157324686, 356, 0.692508676207201, 357, 0.6926463872366582, 358, 0.692174402507533, 359, 0.6934351518330238, 360, 0.6921356732990811, 361, 0.6930846987299688, 362, 0.6923193366388373, 363, 0.6906022868587193, 364, 0.6943763149018626, 365, 0.6939085228915707, 366, 0.6921170962848228, 367, 0.6938827742413267, 368, 0.6466080140975295, 369, 0.6933433162842847, 370, 0.6910784316263151, 371, 0.6934278081383679, 372, 0.6926924117977897, 373, 0.6694557669419602, 374, 0.6932400667707665, 375, 0.6928769437643052, 376, 0.6920377977419044, 377, 0.693366291109264, 378, 0.6929025183429227, 379, 0.6929636806646459, 380, 0.693010686176983, 381, 0.6931040586013062, 382, 0.6930026866763445, 383, 0.6931188899214386, 384, 0.6929202987525204, 385, 0.6926135218953463, 386, 0.6924631339974201, 387, 0.6929339568432678, 388, 0.6942125900225616, 389, 0.692770426669382, 390, 0.6965885587490347, 391, 0.6906881131028749, 392, 0.6927574498564174, 393, 0.6914465764494057, 394, 0.6925941482730453, 395, 0.6919793442093182, 396, 0.6926677042716753, 397, 0.6931038698438746, 398, 0.6883091952209619, 399, 0.6851787314462879, 400, 0.6929228245041942, 401, 0.6665760307317432, 402, 0.689773460995957, 403, 0.6915201238387607, 404, 0.6911310445425097, 405, 0.6916421736163343, 406, 0.6831717882863408, 407, 0.6948200119082572, 408, 0.6937519317299521, 409, 0.6940892217388474, 410, 0.6928722397797691, 411, 0.6924708324362655, 412, 0.6932810079555067, 413, 0.6922074356284976, 414, 0.6490756466443474, 415, 0.6956193935559896, 416, 0.6934135575072179, 417, 0.6954819385156523, 418, 0.671401236495112, 419, 0.6926522505312026, 420, 0.6928605596993459, 421, 0.6919214159725597, 422, 0.6922132920723527, 423, 0.6719942739906597, 424, 0.6678657870446296, 425, 0.6827162041186516, 426, 0.6912449032428155, 427, 0.6712867229380138, 428, 0.6943600639798959, 429, 0.6685887170742028, 430, 0.6903129844490566, 431, 0.6900116042156968, 432, 0.6938443546620082, 433, 0.668828416766092, 434, 0.6912738715035135, 435, 0.6931704492013947, 436, 0.6843278582262527, 437, 0.668603147692672, 438, 0.692673639141434, 439, 0.6909963022565411, 440, 0.6921350285251157, 441, 0.6902480746208657, 442, 0.6910385498983104, 443, 0.6906575838630522, 444, 0.6696429526853809, 445, 0.667899023690578, 446, 0.6797377458045745, 447, 0.7060212764796828, 448, 0.6968047608301478, 449, 0.6697913351837601, 450, 0.6966385402739573, 451, 0.6908398099981177, 452, 0.684425730917431, 453, 0.6897747766581058, 454, 0.6881946485645029, 455, 0.6956468805478123, 456, 0.6955940545494361, 457, 0.6998297840203652, 458, 0.6810134337740955, 459, 0.6849739714892559, 460, 0.6878311535162778, 461, 0.7088996153391263, 462, 0.6778113212366974, 463, 0.6833953468331732, 464, 0.6902849460069487, 465, 0.6665116646568341, 466, 0.6904809527464966, 467, 0.6866079510494122, 468, 0.6896141716403347, 469, 0.686482706756535, 470, 0.6721164594179593, 471, 0.6769187494257868, 472, 0.6858276436300302, 473, 0.6860844406238348, 474, 0.6850160300835937, 475, 0.6835810471738812, 476, 0.7108048200386091, 477, 0.6915449049091964, 478, 0.679959783681738, 479, 0.6798182228032689, 480, 0.7147565511938697, 481, 0.6792195611239011, 482, 0.6706170867024738, 483, 0.6960509071111651, 484, 0.6915873756073235, 485, 0.6943964803368917, 486, 0.6708467087605713, 487, 0.69770530786145, 488, 0.6933419481953076, 489, 0.6932229018014939, 490, 0.6957005351664451, 491, 0.6931408836836253, 492, 0.6896622354573892, 493, 0.6922138004955243, 494, 0.6915255413889282, 495, 0.6917738906841573, 496, 0.6920114897709887, 497, 0.670298748591925, 498, 0.6702286093802462, 499, 0.6917223621867831, 500, 0.683134390394562, 501, 0.6910616132841424, 502, 0.6916201184772434, 503, 0.6928686693851704, 504, 0.6940750339637313, 505, 0.6900968636010901, 506, 0.6930799728851778, 507, 0.6925669870169168, 508, 0.6925209727524013, 509, 0.6923113412199254, 510, 0.6930485951049696, 511, 0.6695065127178867, 512, 0.6926980594874557, 513, 0.6934622412191206, 514, 0.6927541209154432, 515, 0.6930761464087214, 516, 0.6925808855432009, 517, 0.6928418507787096, 518, 0.6918461016252052, 519, 0.6603720950488047, 520, 0.6923213061744641, 521, 0.6929305634966333, 522, 0.6903963785093542, 523, 0.6914322183779369, 524, 0.6903488967939128, 525, 0.6922529063774092, 526, 0.688747975612307, 527, 0.6929797805979679, 528, 0.6908846056906278, 529, 0.6929667447264873, 530, 0.6830455463133227, 531, 0.6740753812677702, 532, 0.6917727540555283, 533, 0.696211973924599, 534, 0.6974556871881662, 535, 0.691738062447379, 536, 0.6837509377168587, 537, 0.6940194065784998, 538, 0.6928064579450924, 539, 0.6921025156915431, 540, 0.7040059588956892, 541, 0.6766054303775763, 542, 0.6926795724931208, 543, 0.6931954766936883, 544, 0.6921129903804323, 545, 0.6928538002817303, 546, 0.6916157451305268, 547, 0.6917411835359272, 548, 0.6922701122168885, 549, 0.7049198894736438, 550, 0.6910600015279774, 551, 0.6855910951471648, 552, 0.6905390365447978, 553, 0.6891695865475557, 554, 0.6903688989320261, 555, 0.6931567730407424, 556, 0.6889601437526472, 557, 0.6889460805324996, 558, 0.6928771300028079, 559, 0.6862942039195964, 560, 0.6914627513591467, 561, 0.6886541734708246, 562, 0.6825397958888823, 563, 0.6875466628372601, 564, 0.7034524760859965, 565, 0.6990156549913694, 566, 0.6950433128649611, 567, 0.6881774926884108, 568, 0.6959074146760176, 569, 0.7011748308803288, 570, 0.6922654757570444, 571, 0.6920076138177637, 572, 0.6913293751696716, 573, 0.6954465011917954, 574, 0.6921172782623434, 575, 0.6910915537652392, 576, 0.6918921528906314, 577, 0.6927924171808412, 578, 0.689450812802408, 579, 0.673868516903498, 580, 0.6931263785306166, 581, 0.6901476978241858, 582, 0.6879405992861298, 583, 0.6881599125555332, 584, 0.6922110647519872, 585, 0.7021789429021119, 586, 0.6937359969742691, 587, 0.6926818633493645, 588, 0.6981047081350464, 589, 0.682087644404886, 590, 0.6775346244431776, 591, 0.6828119065766138, 592, 0.6899481551691058, 593, 0.6863592142095343, 594, 0.7074433650853064, 595, 0.6841064824071168, 596, 0.6697811277727528, 597, 0.698513581740594, 598, 0.7584225910948011, 599, 0.6551424790066387, 600, 0.6831749678313466, 601, 0.6626536633913166, 602, 0.6575813654839341, 603, 0.7016151160838496, 604, 0.6383190528383221, 605, 0.6579609916473476, 606, 0.6818116433305451, 607, 0.6790047778252499, 608, 0.6629583355323329, 609, 0.6795810224593156, 610, 0.6447047865185328, 611, 0.6580455959793148, 612, 0.6974957769606147, 613, 0.7068136141479295, 614, 0.6886261175484499, 615, 0.710708535517908, 616, 0.672704044926888, 617, 0.6648904539652482, 618, 0.6901080448927508, 619, 0.7043544743566071, 620, 0.6369352091752059, 621, 0.672244037552485, 622, 0.7022873562799692, 623, 0.6268125157126031, 624, 0.6890393726327259, 625, 0.6936764943130329, 626, 0.6930397928094293, 627, 0.665068258127652, 628, 0.6487998330328982, 629, 0.6537094072460374, 630, 0.6316686184279002, 631, 0.7036513270045329, 632, 0.6903354704321274, 633, 0.6899923378535673, 634, 0.6928217042540112, 635, 0.6923559348190113, 636, 0.6852335307192452, 637, 0.6863275694350898, 638, 0.6675138665027068, 639, 0.654062054865467, 640, 0.6541639579126618, 641, 0.6710294642851522, 642, 0.7135690014583161, 643, 0.644250977243466, 644, 0.6942556439830354, 645, 0.6808765970130362, 646, 0.6899532134446434, 647, 0.6504486652150966, 648, 0.6722781944396691, 649, 0.6373878883174317, 650, 0.6788808773265533, 651, 0.7071581088724641, 652, 0.6879824809712927, 653, 0.6583542435950525, 654, 0.6379785710181807, 655, 0.6417298665842014, 656, 0.6937726685252367, 657, 0.6138000524521448, 658, 0.6425386810853411, 659, 0.745686393873891, 660, 0.6934282871452603, 661, 0.6856416199407945, 662, 0.6273652939027357, 663, 0.6403247354052541, 664, 0.711413162157099, 665, 0.7181678783506221, 666, 0.9299319105199922, 667, 0.6580462229854638, 668, 0.6721258773141773, 669, 0.6450097112891373, 670, 0.6414703505800801, 671, 0.6801154025570282, 672, 0.6534324523075163, 673, 0.6805649860867616, 674, 0.6642975733187484, 675, 0.6473568763854534, 676, 0.6943751776990702, 677, 0.6975553903662753, 678, 0.6825978954523537, 679, 0.6958713220986733, 680, 0.6662333571382658, 681, 0.6884179274401532, 682, 0.6823224495749893, 683, 0.7131498414092288, 684, 0.6867399408849477, 685, 0.6723649263623475, 686, 0.672929656780852, 687, 0.6656117708135739, 688, 0.6917308877135506, 689, 0.6775132843138164, 690, 0.6521867237383552, 691, 0.6567626897187822, 692, 0.8369109590576578, 693, 0.6656206342206431, 694, 0.6347695861609165, 695, 0.6595943777376915, 696, 0.6419728075438127, 697, 0.655927267277555, 698, 0.7049830161469003, 699, 0.6968172547281363, 700, 0.6863739281045876, 701, 0.6927281402157248, 702, 0.6843835727258697, 703, 0.6646454223812197, 704, 0.697281457825505, 705, 0.6822145286332191, 706, 0.6797186181768305, 707, 0.684681306063456, 708, 0.6781840313987009, 709, 0.6027419779520972, 710, 0.6318691724611717, 711, 0.6277067168923647, 712, 0.6541450773486004, 713, 0.6084220972577982, 714, 0.6492426783078266, 715, 0.6028537898036856, 716, 0.5929099862134956, 717, 0.6577254227324031, 718, 0.5779849960791423, 719, 0.6357329315793443, 720, 0.6207345232063829, 721, 0.700778082784204, 722, 0.584301965231275, 723, 0.6321615153040777, 724, 0.655569098125982, 725, 0.7059694970173818, 726, 0.6679008892107038, 727, 0.608719418162519, 728, 0.5643635673343421, 729, 0.6947649606720749, 730, 0.6879633743302469, 731, 0.6682018077116453, 732, 0.659307088011949, 733, 0.6446269935504476, 734, 0.7042860900691104, 735, 0.6581105080071742, 736, 0.6683029965667164, 737, 0.6552292036206183, 738, 0.6227616051977769, 739, 0.6819983464794933, 740, 0.7372323631035537, 741, 0.6966764650239914, 742, 0.675492439799095, 743, 0.6086700275348275, 744, 0.612617447116622, 745, 0.7320364682923416, 746, 0.6413889424086295, 747, 0.5851263029443032, 748, 0.6150077869618839, 749, 0.6731689579849588, 750, 0.6103365040448988, 751, 0.6121559245454375, 752, 0.7085427847809485, 753, 0.7183092221940617, 754, 0.7195518243086033, 755, 0.6916151402622127, 756, 0.6909742992097127, 757, 0.6882367397777418, 758, 0.681537778576283, 759, 0.6796202777502721, 760, 0.6809955943052172, 761, 0.6833375668678376, 762, 0.6745068198392274, 763, 0.6673623855192532, 764, 0.6265666988567725, 765, 0.6206817805253649, 766, 0.6652356753511575, 767, 0.6587117025142211, 768, 0.6146548550837593, 769, 0.5822201181684449, 770, 0.6675183254127983, 771, 0.6264627315079518, 772, 0.6874945431405338, 773, 0.5649692511784034, 774, 0.6891491841484171, 775, 0.6407050583570763, 776, 0.6231403699959833, 777, 0.6054726809045919, 778, 0.6914798623868255, 779, 0.6055709944783957, 780, 0.6251656272398372, 781, 0.7058109287623329, 782, 0.6155325865714442, 783, 0.6863942494839659, 784, 0.6320924209715726, 785, 0.6559849313879421, 786, 0.6926484402864245, 787, 0.712869223160844, 788, 0.748051311807112, 789, 0.6895986387119637, 790, 0.6885911691411124, 791, 0.685952741151361, 792, 0.6825742128523674, 793, 0.6839652343325902, 794, 0.6674623669770166, 795, 0.6218665353730195, 796, 0.645935549508426, 797, 0.5851556585077691, 798, 0.7569203255038658, 799, 0.6720389505632499, 800, 0.6744268584456787, 801, 0.6353209066749038, 802, 0.6227394090951428, 803, 0.4944560751877232, 804, 0.6046199942793796, 805, 0.7199589600004302, 806, 0.7076791431007676, 807, 0.6642896896446118, 808, 0.6896508537869934, 809, 0.6802547351558765, 810, 0.6802649722199472, 811, 0.6931933883798834, 812, 0.6712455936919585, 813, 0.6929298595439058, 814, 0.6919124415396694, 815, 0.692625972955382, 816, 0.6874848049150166, 817, 0.6922515810816122, 818, 0.6934048430778044, 819, 0.6998102664453504, 820, 0.6933646728229679, 821, 0.6918069766218736, 822, 0.6761864873267077, 823, 0.6795302068660286, 824, 0.6643976021163648, 825, 0.6906350944553888, 826, 0.6895126615664646, 827, 0.7015334824291346, 828, 0.6815539849885061, 829, 0.7003109118275874, 830, 0.6901459273807187, 831, 0.7022419585795047, 832, 0.6915860915617763, 833, 0.6858849804516746, 834, 0.678685205517983, 835, 0.6881931789851606, 836, 0.6908619204602, 837, 0.70995910717979, 838, 0.6793777389486354, 839, 0.6840339927338803, 840, 0.6436180245493559, 841, 0.674629510132253, 842, 0.6868368726050481, 843, 0.6910572105101984, 844, 0.6511380790865189, 845, 0.6480856217742664, 846, 0.6971391300065548, 847, 0.6613079189709737, 848, 0.7000747608680662, 849, 0.6816346335180806, 850, 0.6843525784593344, 851, 0.66317124392247, 852, 0.6634769984590432, 853, 0.6676934724217154, 854, 0.672277833529979, 855, 0.6888878056834923, 856, 0.6739338491491725, 857, 0.682503284922978, 858, 0.6700853129415538, 859, 0.678116913163205, 860, 0.6769001319255776, 861, 0.6858338562343369, 862, 0.6877465189949324, 863, 0.7266659243991522, 864, 0.6507704950874239, 865, 0.6493353784034578, 866, 0.6551029070408088, 867, 0.8311780625637489, 868, 0.6848727777899379, 869, 0.6834387719523811, 870, 0.6817991268924499, 871, 0.6909498586910537, 872, 0.676106214676176, 873, 0.6732952452127684, 874, 0.6706830065759443, 875, 0.6594790996024579, 876, 0.6817830771896565, 877, 0.6722205566745172, 878, 0.6993877542464866, 879, 0.6864838103268208, 880, 0.6316068387495659, 881, 0.6851564251812339, 882, 0.6370296653074466, 883, 0.6596664869085275, 884, 0.6096195754686528, 885, 0.6496958364470035, 886, 0.6837524298305687, 887, 0.6443397265530398, 888, 0.6817761239202532, 889, 0.653434908096307, 890, 0.6869002148900527, 891, 0.6903449174838853, 892, 0.671289365683356, 893, 0.677344327639781, 894, 0.6520429363281423, 895, 0.6691581384524119, 896, 0.6788931925981861, 897, 0.6660494573776047, 898, 0.6228941146206082, 899, 0.7030728981515726, 900, 0.668715591257119, 901, 0.6674319679644041, 902, 0.6460772118574049, 903, 0.6322117247597706, 904, 0.6660266328534978, 905, 0.6804779217532475, 906, 0.65760104709899, 907, 0.6039726752497764, 908, 0.5994250038664546, 909, 0.6673497663288674, 910, 0.6607563027770063, 911, 0.7168418225837979, 912, 0.6565029166595026, 913, 0.5976541000666351, 914, 0.6280405582506823, 915, 0.5948763823409646, 916, 0.6686167626640108, 917, 0.6259557208826123, 918, 0.6434105084576988, 919, 0.5938778217346355, 920, 0.6278131277814609, 921, 0.8374639670566164, 922, 0.6331810548987736, 923, 0.589357266601025, 924, 0.6606017541543615, 925, 0.5892032991358763, 926, 0.5652054292608402, 927, 0.6739229610073624, 928, 0.5638922051881992, 929, 0.6104025976117521, 930, 0.6805121272882483, 931, 0.5664407923893214, 932, 0.648448938037465, 933, 0.6099303135318863, 934, 0.5401093527793186, 935, 0.6035014878540239, 936, 0.6915285103945749, 937, 0.7803310979816055, 938, 0.5823766321451125, 939, 0.5059722822587788, 940, 0.5996736636403455, 941, 0.6097853808163372, 942, 0.5573150121350463, 943, 0.6145985743727406, 944, 0.477712814968891, 945, 0.5778979150391497, 946, 0.5850013394953061, 947, 0.5929368061234636, 948, 0.5365214301579176, 949, 0.6145981829637187, 950, 0.6754330891763899, 951, 0.5663973867669702, 952, 0.5439046887930161, 953, 0.7628596267596737, 954, 0.5905352054725824, 955, 0.4930430094566108, 956, 0.6018981258524082, 957, 0.5304568391940133, 958, 0.6474588097330487, 959, 0.5790130582690228, 960, 0.5804019595467119, 961, 0.6367281518826431, 962, 0.5502122971063051, 963, 0.5461709953695723, 964, 0.5933148829317295, 965, 0.5743254639823105, 966, 0.6990714836288707, 967, 0.6889910050208427, 968, 0.6144014196889592, 969, 0.8205738967679049, 970, 0.513908025560884, 971, 0.6067661314827496, 972, 0.5934693261016374, 973, 0.5411654704236529, 974, 0.5990940244284856, 975, 0.6036806043210594, 976, 0.6072982531620013, 977, 0.634612849138502, 978, 0.5658028452574637, 979, 0.6151679007132572, 980, 0.6905282927046889, 981, 0.5950143647755624, 982, 0.6927348817957569, 983, 0.5969489915397957, 984, 0.6659807384251193, 985, 0.5798556430003065, 986, 0.5127854419390153, 987, 0.6216092125868332, 988, 0.5714829881464157, 989, 0.6285540463655362, 990, 0.5128035187598825, 991, 0.5666077090149606, 992, 0.45128678059125055, 993, 0.4463170690347636, 994, 0.5257046313051368, 995, 0.47681172101947766, 996, 0.6727708943000557, 997, 0.46578506866543756, 998, 0.5623313297908764, 999, 0.7457712960974059, 1000, 0.7299192515533645]