COMMENT:
run 15: comparative run on adam optimizer only, 1000-spec dataset, 400 epochs, bce, lr 1e-4, bs 30
=================MODEL=================
NeuralNetwork(
  (neural_stack): Sequential(
    (0): Linear(in_features=8575, out_features=2048, bias=True)
    (1): LeakyReLU(negative_slope=0.01)
    (2): Linear(in_features=2048, out_features=1024, bias=True)
    (3): LeakyReLU(negative_slope=0.01)
    (4): Linear(in_features=1024, out_features=512, bias=True)
    (5): LeakyReLU(negative_slope=0.01)
    (6): Linear(in_features=512, out_features=256, bias=True)
    (7): LeakyReLU(negative_slope=0.01)
    (8): Linear(in_features=256, out_features=128, bias=True)
    (9): LeakyReLU(negative_slope=0.01)
    (10): Linear(in_features=128, out_features=50, bias=True)
    (11): LeakyReLU(negative_slope=0.01)
    (12): Linear(in_features=50, out_features=30, bias=True)
    (13): LeakyReLU(negative_slope=0.01)
    (14): Linear(in_features=30, out_features=5, bias=True)
    (15): LeakyReLU(negative_slope=0.01)
    (16): Linear(in_features=5, out_features=1, bias=True)
    (17): Sigmoid()
  )
)
================OPTIMIZER================
SimulatedAnnealing ()Adam (
Parameter Group 0
    amsgrad: False
    betas: (0.9, 0.999)
    capturable: False
    decoupled_weight_decay: False
    differentiable: False
    eps: 1e-08
    foreach: None
    fused: None
    lr: 0.0001
    maximize: False
    weight_decay: 0
)
================LOSS FUNC================
BCELoss()
================LOSSES================
[0.4512186250398808, 0.3380586745172837, 0.6540124031154527, 0.15983541276128516, 0.20725597827390266, 0.4569960165582163, 0.15778622886237664, 0.44741639679141243, 0.450475889065873, 0.14997574970389124, 0.5661535092545565, 0.582651134020333, 0.43330652669956726, 0.3234413349747214, 0.24744266180795466, 0.46076791885943097, 0.15703311950071133, 0.2755700746591572, 0.3414620542883035, 0.3243391083075608, 0.17241757471702535, 0.2649365256029546, 0.41997239966937866, 0.3242430941317419, 0.1525407421080484, 0.3459500582953521, 0.3236476075249767, 0.4654236990117332, 0.2473748433980044, 0.27819335970268366, 0.39878498387378447, 0.1532630157548933, 0.5335653049163681, 0.5742989150787344, 0.32871505568749876, 0.33162947278769944, 0.1288432567978272, 0.32556774329748617, 0.586100565227595, 0.3249946573462273, 0.2628189046502481, 0.24505550667441275, 0.17426879427514289, 0.2468670200619302, 0.10210918562461399, 0.45294859948646243, 0.6658403928278301, 0.06037271836578013, 0.18015770648558282, 0.49137785645065857, 0.19593750658030734, 0.5299432609231366, 0.45339848712063774, 0.17100286418880004, 0.39474483646019914, 0.32787512827434634, 0.1472575942508186, 0.14954396732109496, 0.3224177069872561, 0.5089048850260058, 0.6117370883337643, 0.32437379607209316, 0.3343844643777346, 0.048284541514817605, 0.3220807048165379, 0.3305145008183453, 0.3956878105040799, 0.2607931592178232, 0.1447242570724433, 0.3312051630859216, 0.40613836698355915, 0.5605331841017378, 0.39603241429521696, 0.331431597700922, 0.40054827204893806, 0.32692924874502816, 0.3924137264924841, 0.4697210688597681, 0.3274932251658618, 0.15853165436522454, 0.5335335355693825, 0.5416706291250715, 0.39080149658645147, 0.3263412753326216, 0.2560389594142004, 0.3210592776827286, 0.31745323530503117, 0.24701099023208342, 0.15678950169332043, 0.3816101945902074, 0.32717205038243, 0.15656638083772992, 0.24242068357268998, 0.23735644560979233, 0.2550027108250737, 0.24083213798377845, 0.09136516954340684, 0.2949128235610433, 0.24307277055635548, 0.3326751278453692, 0.3327032752240783, 0.18681803544044892, 0.2700994138359897, 0.2505016897591225, 0.1749382844142163, 0.3905973671286182, 0.1989490678109098, 0.39010532892501393, 0.3827990222608115, 0.2665609231481584, 0.23417662614223675, 0.4022868322377679, 0.2576367986020498, 0.2846621616465128, 0.584466562537959, 0.17564247962616614, 0.31633404736692405, 0.38152901147148055, 0.24101833625980965, 0.24609657540020083, 0.40285380345001714, 0.32522279096804885, 0.3759572151209728, 0.3873623691471602, 0.5899994356166348, 0.3984721672373882, 0.3877447156994028, 0.236229114405299, 0.42565138652709894, 0.3284644615838514, 0.17691777659778754, 0.3070200238538675, 0.30228060125150347, 0.31314388341126603, 0.4571399751858927, 0.41916405419251057, 0.17198575870712005, 0.016746974435260364, 0.38431861935184647, 0.4997852857631783, 0.15242099781845447, 0.28416705211355703, 0.43414508836282883, 0.5965878545943647, 0.3197407590724396, 0.19960181163225899, 0.3157069582808216, 0.4268099056465092, 0.24481584803193154, 0.14876111554430127, 0.1633314099955312, 0.156340150740617, 0.34691753229765154, 0.2451913422925075, 0.29242862591358526, 0.3099482821559525, 0.12652586773331598, 0.3020075215383797, 0.21586979672438344, 0.05394830346905457, 0.41538894335989807, 0.34840423363930934, 0.18981168311545193, 0.25745342289413947, 0.2669249033336243, 0.3861983593819958, 0.13115088521140647, 0.08257741567268834, 0.2361182901658839, 0.35987797340058286, 0.29226920372981974, 0.23849315193899395, 0.3803095257409377, 0.34913455467061894, 0.43129710442390584, 0.17239557315335216, 0.23109623628038353, 0.29575825096906844, 0.3755930303927258, 0.5159799597465362, 0.36541978856221735, 0.28480812833601793, 0.2665381565572612, 0.35824118596846194, 0.13614630566828367, 0.39326766874044883, 0.2334308222040437, 0.32707326202136716, 0.4645532410707653, 0.25258529596395835, 0.1477623057563053, 0.3138395309350593, 0.24740174270070417, 0.2782069835039346, 0.1624258806083813, 0.20248812139282021, 0.2339356125800738, 0.09836225040261597, 0.1373601301098457, 0.4286218443555081, 0.22453324597458676, 0.20673942632822453, 0.22262808502696077, 0.35421428903393165, 0.27222809136153797, 0.2554138677233087, 0.3245991428091834, 0.23306891995653378, 0.16294049936444652, 0.24317465273587968, 0.4535866645621526, 0.597441655849191, 0.23939846107021914, 0.4416486266303639, 0.31894066485756056, 0.28279183616822245, 0.13368801487409745, 0.27890930904448985, 0.11264446779073499, 0.10968221461974388, 0.31271751116346885, 0.6134034214421157, 0.29230779314217853, 0.40958092944701513, 0.23039954145964742, 0.4244015984112772, 0.39130577691684587, 0.3568993807967207, 0.14942312954720052, 0.11151314615125808, 0.18748083595362033, 0.3123493206717518, 0.14895717747804255, 0.14734414378664648, 0.24036105881312977, 0.33813696359754863, 0.25983544721820845, 0.36177174581925803, 0.16300376194720065, 0.5357682563827186, 0.42847111995884746, 0.43134928343639856, 0.27957024031046834, 0.1673041219317712, 0.3680059676993236, 0.28511993147772563, 0.11051362019592197, 0.1962127303982641, 0.37476124277607653, 0.13859756189317685, 0.14375897235136945, 0.20471845942467307, 0.20952408975275405, 0.22447040764771395, 0.22484056196056051, 0.09654396321135512, 0.2272421103606139, 0.24958539414168943, 0.14713719282675033, 0.162828486039517, 0.3639418083476445, 0.4987639678311127, 0.27264062060850475, 0.3260468011341653, 0.32697515995772075, 0.26949007722767304, 0.24845125523646583, 0.15841133624855394, 0.2548927224339288, 0.27694285155904197, 0.11224807830671264, 0.19685849572177178, 0.31135576287225636, 0.32017232000289675, 0.1789560453265093, 0.1071447290640999, 0.3142808669699331, 0.2537147947864202, 0.3034536665007284, 0.439962006208728, 0.23372183508160313, 0.25540455765969095, 0.1824317245096902, 0.17778670636493954, 0.2646744852499525, 0.21525147720646517, 0.24542711908030684, 0.1602149448704922, 0.20403047327735527, 0.2511715479285104, 0.1478152643702449, 0.10307023837287013, 0.2591340235814976, 0.48901833293080765, 0.186757153241904, 0.3336034910449696, 0.3590711123276188, 0.17566832658218973, 0.1351258769882694, 0.2420892934827838, 0.2470285214648791, 0.17011423540041157, 0.17760699319851123, 0.057163080688071924, 0.35070755305823537, 0.13583281652054147, 0.26958538237865304, 0.45802357359369344, 0.135667530735147, 0.239305721440851, 0.46846295368963164, 0.5464160320043674, 0.36168417700466865, 0.2717625850781365, 0.1918600728719299, 0.3523294451899445, 0.20065824337786917, 0.2315022476992216, 0.33273349691067516, 0.30051427999152386, 0.16989858021861573, 0.41530850402631736, 0.20505600499207408, 0.6538266654753605, 0.1099637676062987, 0.08525270713803929, 0.15731212883194756, 0.09734614946528068, 0.2497093170451171, 0.31638146523029514, 0.25384499894459606, 0.13064274104134357, 0.282657732651253, 0.30396775729626324, 0.2428162095550143, 0.31189716648168525, 0.14256875110518105, 0.1719370068933314, 0.2399531408171147, 0.22877812638137876, 0.1275976844961257, 0.39679238860933963, 0.28665842408851544, 0.3379447238139594, 0.2590524124798574, 0.3090796652776635, 0.0540359545778799, 0.03110372608832938, 0.42441749726123634, 0.3160168966789302, 0.1439883143559763, 0.12256774504952674, 0.10816289662805242, 0.16982649899781277, 0.16418051135260944, 0.40657486557294964, 0.3156272979753681, 0.09616242715575846, 0.1324573937360765, 0.2450696830823871, 1.1484351145324945, 0.32823739057624335, 0.28322773973049137, 0.28339366601145244, 0.1862001173487718, 0.18686279395143737, 0.29768863203852985, 0.17569051594002988, 0.12762279225304454, 0.07335108848767158, 0.14699626647015895, 0.0402899634344579, 0.10970091822749338, 0.24163423145892224, 0.13194721885193542, 0.51392511613138, 0.21633891078970674, 0.21260478916074216, 0.1380479963949724, 0.22250853919054567, 0.2805881043076162, 0.3510184808769283, 0.19490897763826318, 0.26943455663546956, 0.2914922377121273, 0.1410612615591094, 0.15096488856464504, 0.22467399070931723, 0.14806418859288337, 0.2766039701267558, 0.31174402491901276, 0.05933982138863817, 0.4196803556427474, 0.3905809089130824, 0.12367172388585256, 0.3125127757652161, 0.2699635668179518, 0.40080712485315556, 0.23437745900102913, 0.4154359345994437]