COMMENT:
test_perf_18
=================MODEL=================
NeuralNetwork(
  (neural_stack): Sequential(
    (0): Linear(in_features=8575, out_features=4096, bias=True)
    (1): LeakyReLU(negative_slope=0.01)
    (2): Linear(in_features=4096, out_features=2048, bias=True)
    (3): LeakyReLU(negative_slope=0.01)
    (4): Linear(in_features=2048, out_features=1024, bias=True)
    (5): LeakyReLU(negative_slope=0.01)
    (6): Linear(in_features=1024, out_features=512, bias=True)
    (7): LeakyReLU(negative_slope=0.01)
    (8): Linear(in_features=512, out_features=256, bias=True)
    (9): LeakyReLU(negative_slope=0.01)
    (10): Linear(in_features=256, out_features=128, bias=True)
    (11): LeakyReLU(negative_slope=0.01)
    (12): Linear(in_features=128, out_features=50, bias=True)
    (13): LeakyReLU(negative_slope=0.01)
    (14): Linear(in_features=50, out_features=30, bias=True)
    (15): LeakyReLU(negative_slope=0.01)
    (16): Linear(in_features=30, out_features=5, bias=True)
    (17): LeakyReLU(negative_slope=0.01)
    (18): Linear(in_features=5, out_features=1, bias=True)
    (19): Sigmoid()
  )
)
================OPTIMIZER================
Adam (
Parameter Group 0
    amsgrad: False
    betas: (0.9, 0.999)
    capturable: False
    decoupled_weight_decay: False
    differentiable: False
    eps: 1e-08
    foreach: None
    fused: None
    lr: 1e-05
    maximize: False
    weight_decay: 0
)
================LOSS FUNC================
BCELoss()
=================TIMES=================
[0.43713634699997783, 0.36807774000044446, 0.3702773429995432, 0.37381779799943615, 0.4152026230003685, 0.41221432900056243, 0.4094870320004702, 0.4088069350000296, 0.4082752169997548, 0.4358806229993206, 0.40705626099952497, 0.4087589150003623, 0.4089369169996644, 0.4088756529999955, 0.40683462800006964, 0.4080215690009936, 0.4065653409998049, 0.40697010199983197, 0.4079311730001791, 0.4068931120000343, 0.4128165239999362, 0.40713080000023183, 0.40708093000102963, 0.40665764000004856, 0.4072861299991928, 0.4078180109991081, 0.40997537699877284, 0.40695392899942817, 0.4070514760005608, 0.4070004899986088, 0.40770376799991936, 0.40798152400020626, 0.40755875800095964, 0.41129569899931084, 0.4076926359994104, 0.4098539129990968, 0.4091556839994155, 0.407866429999558, 0.40828411400070763, 0.40901178200147115, 0.4072508999997808, 0.40722728600121627, 0.40700562900019577, 0.40775290800047514, 0.40613815500000783, 0.40694880399860267, 0.40725336899959075, 0.40646919299979345, 0.407832529001098, 0.4100732759998209, 0.41097071900003357, 0.4095005199997104, 0.4106418989995291, 0.4079843620002066, 0.408962932000577, 0.41077122099886765, 0.41129129200089665, 0.4080643939996662, 0.40926388899970334, 0.4107738980001159, 0.4071231630005059, 0.4090508810004394, 0.4074758290007594, 0.4108514479994483, 0.40860570699987875, 0.407902358998399, 0.4078169960012019, 0.41056648300036613, 0.4097785929989186, 0.4102341779998824, 0.4086139600003662, 0.4089754249998805, 0.40728336199936166, 0.41063494099944364, 0.4075578960000712, 0.4114105009994091, 0.4094342160005908, 0.4060035929996957, 0.40751673499835306, 0.40792613300072844, 0.4114586350005993, 0.4091713349989732, 0.4077768049992301, 0.4059965699998429, 0.4096179640000628, 0.40732666499934567, 0.40956464800001413, 0.4081686000008631, 0.40794026399998984, 0.4074842649988568, 0.4112431960002141, 0.4104283359993133, 0.4094774140012305, 0.40931487799934985, 0.4069803430011234, 0.4073420200002147, 0.40869010599999456, 0.40813119300037215, 0.4234260430002905, 0.4087300930004858, 0.4075240660004056, 0.40776606399958837, 0.40856192499995814, 0.41102519199921517, 0.40716059199985466, 0.40746374300033494, 0.4079250350005168, 0.40886290399976133, 0.4086375319984654, 0.4082392579985026, 0.40776907699910225, 0.4080892120000499, 0.4085584280001058, 0.4063888909986417, 0.40834896299929824, 0.40772789900074713, 0.40773962900129845, 0.40760839600079635, 0.4094200199997431, 0.4071128029991087, 0.4076454329988337, 0.40816622900092625, 0.4089355659998546, 0.410394061000261, 0.40815367300092475, 0.4079603850004787, 0.40780493700003717, 0.4077312030003668, 0.4097829679994902, 0.407284400998833, 0.40993135800090386, 0.4082951470008993, 0.40826189299878024, 0.41217861299992364, 0.4080009160006739, 0.406718276999527, 0.4100571819999459, 0.4074201359999279, 0.4082920280015969, 0.408174071000758, 0.4087101619988971, 0.409940376999657, 0.4084335959996679, 0.40900789400075155, 0.4082733119994373, 0.41096779399958905, 0.4081207159997575, 0.407002226998884, 0.4070953059999738, 0.407145049999599, 0.407398364999608, 0.42238370300037786, 0.40880675399967004, 0.4091249440007232, 0.4097724109997216, 0.4072791490016243, 0.40889785699982895, 0.40760116900128196, 0.4109781600000133, 0.40907517499908863, 0.40973967900026764, 0.4081379929994, 0.4084115360001306, 0.4080727170003229, 0.44791505799912557, 0.4443410040003073, 0.4411113149999437, 0.44128913399981684, 0.43923384099980467, 0.4430229169993254, 0.44089334499949473, 0.44400695100011944, 0.44062147600016033, 0.439654559999326, 0.4407467679993715, 0.44135102200016263, 0.4383655990004627, 0.4374255839993566, 0.43927044100018975, 0.4381497819995275, 0.4384794920006243, 0.4395203490003041, 0.43830712999988464, 0.4377278109986946, 0.43741229500119516, 0.43895761699968716, 0.4383414610001637, 0.4390029919995868, 0.4393364810002822, 0.43718015199920046, 0.44083801800115907, 0.43730325999968045, 0.43832348300020385, 0.4398384289997921, 0.4374513959992328, 0.43802676199993584, 0.4377576360002422, 0.43874725100067735, 0.43830816699846764, 0.4390747760007798]
================LOSSES================
[1, 1.1121185258427997, 2, 0.6936040591607846, 3, 0.6820064859786849, 4, 0.69094767310982, 5, 0.6841046687017676, 6, 0.6930529748454911, 7, 0.6854336475221348, 8, 0.6923250304261092, 9, 0.6866223453721066, 10, 0.6919983461773707, 11, 0.689283469874971, 12, 0.6937207045852655, 13, 0.6875360122953875, 14, 0.6868079851011222, 15, 0.6954154030151135, 16, 0.6913511334496872, 17, 0.694951738521894, 18, 0.689688786223027, 19, 0.6941929374144883, 20, 0.6938554097045017, 21, 0.6968278423099223, 22, 0.6908384809083599, 23, 0.6867449363566122, 24, 0.6924291898662088, 25, 0.6880433649251327, 26, 0.6926550042138342, 27, 0.6929769171127244, 28, 0.6931439143412816, 29, 0.6862024952480261, 30, 0.6945615181874917, 31, 0.6922222743711889, 32, 0.6954653926180643, 33, 0.6870575424448156, 34, 0.6711277562635874, 35, 0.6956011551013819, 36, 0.6900805056702455, 37, 0.6872130223083338, 38, 0.6919063051802856, 39, 0.6876227597066247, 40, 0.6936441560073311, 41, 0.6905003238312408, 42, 0.692658233973552, 43, 0.6928692531895386, 44, 0.6913380156960152, 45, 0.7095630475831372, 46, 0.6937080014271458, 47, 0.69284636566135, 48, 0.6878104725315152, 49, 0.6909103922679309, 50, 0.6907208294943442, 51, 0.6863095862780052, 52, 0.6898225103141713, 53, 0.6948978087151169, 54, 0.6935808956938513, 55, 0.6918292608561089, 56, 0.6936864451219649, 57, 0.6917526157471614, 58, 0.6916307115568309, 59, 0.6870286531341269, 60, 0.6923672047840683, 61, 0.692170578193655, 62, 0.692443503807857, 63, 0.7019528969389822, 64, 0.6882714065000436, 65, 0.687058252919896, 66, 0.6926396514589187, 67, 0.6927531174321603, 68, 0.6820415328764073, 69, 0.6926874956706585, 70, 0.6927925579891401, 71, 0.6814868606699069, 72, 0.693098241190773, 73, 0.6922273599824976, 74, 0.6949441833705751, 75, 0.6917021636392895, 76, 0.6922845704574715, 77, 0.6868643962697464, 78, 0.6864341713683296, 79, 0.6776908671922169, 80, 0.6902808234440329, 81, 0.6904985902917604, 82, 0.6866206368149683, 83, 0.6869080279444835, 84, 0.6872032577656042, 85, 0.6927216704027086, 86, 0.6812898121818051, 87, 0.693751397410196, 88, 0.6877961841327157, 89, 0.6917210522677867, 90, 0.6909341736207176, 91, 0.6863681768845029, 92, 0.6861484552360501, 93, 0.6878187979931332, 94, 0.6910123715719366, 95, 0.6884804472765479, 96, 0.686377479073003, 97, 0.6834334727369547, 98, 0.7024547026362932, 99, 0.6784233338167707, 100, 0.7046533367779647, 101, 0.6924206872076126, 102, 0.6852089032116823, 103, 0.6930184853936934, 104, 0.692942673672672, 105, 0.6896831895905547, 106, 0.698722207116625, 107, 0.6945724838457923, 108, 0.6944317544959986, 109, 0.6862333198837308, 110, 0.6877051939078606, 111, 0.6872073970170138, 112, 0.6928019116009035, 113, 0.680608318183759, 114, 0.6866783989367833, 115, 0.6873989685098707, 116, 0.6943987687235094, 117, 0.6924075686583057, 118, 0.6807827397429148, 119, 0.6752797243489591, 120, 0.6927255599056177, 121, 0.6863848935442941, 122, 0.6752378850108381, 123, 0.6870456653423499, 124, 0.6926629444597802, 125, 0.6922332906771865, 126, 0.6933959600417059, 127, 0.6922867397496165, 128, 0.6869649229570032, 129, 0.6919570510086667, 130, 0.6896849477051575, 131, 0.6935608976855154, 132, 0.6948411792180029, 133, 0.6928764364544894, 134, 0.6876411934898322, 135, 0.691267692902736, 136, 0.6822430623510349, 137, 0.692625069047762, 138, 0.6902676983185614, 139, 0.6941888817935561, 140, 0.6933144940139128, 141, 0.6926645659131854, 142, 0.6932989176014741, 143, 0.6875915844364215, 144, 0.692648564625219, 145, 0.6933659411981452, 146, 0.6872747967418171, 147, 0.6931003998153962, 148, 0.6880676087843154, 149, 0.6867891621336873, 150, 0.6932507688792063, 151, 0.6928741170951507, 152, 0.6932736232294191, 153, 0.6930086361697148, 154, 0.681477880965362, 155, 0.6932590486635252, 156, 0.6928272130438643, 157, 0.687218028434697, 158, 0.6868522771594695, 159, 0.6928290528399242, 160, 0.6928361470917491, 161, 0.6864904374336985, 162, 0.6923837416200239, 163, 0.6935599563210801, 164, 0.6929218756134337, 165, 0.6923885382559619, 166, 0.682520355398845, 167, 0.6922304822443235, 168, 0.6892703327113886, 169, 0.6934726544405939, 170, 0.6930175399748211, 171, 0.6924059213017998, 172, 0.6935636557840209, 173, 0.6865594370316334, 174, 0.6892819205538667, 175, 0.6869365526106468, 176, 0.6937703746799383, 177, 0.6931538198686648, 178, 0.6927005090705253, 179, 0.6928449217734294, 180, 0.6926359994967105, 181, 0.6870540072332098, 182, 0.6925888078749147, 183, 0.6938472159830283, 184, 0.6924615180974232, 185, 0.6932582119001623, 186, 0.6936554790193353, 187, 0.6930432312522775, 188, 0.6913984861919666, 189, 0.6941970038998981, 190, 0.6919127137369518, 191, 0.6874382237986298, 192, 0.6891089806564107, 193, 0.6963324410646304, 194, 0.6899725755887219, 195, 0.6914714591761845, 196, 0.6933444990261186, 197, 0.6865653683041788, 198, 0.6880937235392917, 199, 0.693720714317224, 200, 0.6932309766584734]