COMMENT:
run 20: reduced learning rate to 1e-05, test run with 1200/1800 dataset on 1000 epochs, bc train 30 bc eval full, bce, adam
=================MODEL=================
NeuralNetwork(
  (neural_stack): Sequential(
    (0): Linear(in_features=8575, out_features=2048, bias=True)
    (1): LeakyReLU(negative_slope=0.01)
    (2): Linear(in_features=2048, out_features=1024, bias=True)
    (3): LeakyReLU(negative_slope=0.01)
    (4): Linear(in_features=1024, out_features=512, bias=True)
    (5): LeakyReLU(negative_slope=0.01)
    (6): Linear(in_features=512, out_features=256, bias=True)
    (7): LeakyReLU(negative_slope=0.01)
    (8): Linear(in_features=256, out_features=128, bias=True)
    (9): LeakyReLU(negative_slope=0.01)
    (10): Linear(in_features=128, out_features=50, bias=True)
    (11): LeakyReLU(negative_slope=0.01)
    (12): Linear(in_features=50, out_features=30, bias=True)
    (13): LeakyReLU(negative_slope=0.01)
    (14): Linear(in_features=30, out_features=5, bias=True)
    (15): LeakyReLU(negative_slope=0.01)
    (16): Linear(in_features=5, out_features=1, bias=True)
    (17): Sigmoid()
  )
)
================OPTIMIZER================
Adam (
Parameter Group 0
    amsgrad: False
    betas: (0.9, 0.999)
    capturable: False
    decoupled_weight_decay: False
    differentiable: False
    eps: 1e-08
    foreach: None
    fused: None
    lr: 1e-05
    maximize: False
    weight_decay: 0
)
================LOSS FUNC================
BCELoss()
================LOSSES================
[1, 0.5116502060143719, 2, 0.3229554015230133, 3, 0.24693189777248728, 4, 0.4529898937049903, 5, 0.3886887956172921, 6, 0.19903556021557325, 7, 0.4930882288395054, 8, 0.39681531571660755, 9, 0.3762259178318557, 10, 0.3956852253266889, 11, 0.3029369507089392, 12, 0.3306027932810414, 13, 0.39568556855063514, 14, 0.34311854600126507, 15, 0.1624760924800902, 16, 0.3879843254303766, 17, 0.31312532869602216, 18, 0.282400804180115, 19, 0.15773641219452345, 20, 0.19723828898672874, 21, 0.3369136962784553, 22, 0.5323425382439578, 23, 0.25487646398451386, 24, 0.4133622091154078, 25, 0.43767089538748355, 26, 0.2910886904770646, 27, 0.3951437335219313, 28, 0.32273286844023147, 29, 0.3988503570191497, 30, 0.46231823435170016, 31, 0.650883057003528, 32, 0.40567607639373104, 33, 0.4067711125676231, 34, 0.277048127038381, 35, 0.5930474156911003, 36, 0.2676155593220985, 37, 0.24451949178187343, 38, 0.26880357850120923, 39, 0.259208043906045, 40, 0.23734059071138988, 41, 0.611380477330201, 42, 0.2481589724703935, 43, 0.23783325756325482, 44, 0.15165280250213517, 45, 0.2591842632727081, 46, 0.6232896085848381, 47, 0.4474929058407206, 48, 0.14391181740908737, 49, 0.3154614377071782, 50, 0.3275755887875312, 51, 0.29072743536878015, 52, 0.4893701319943313, 53, 0.4029410834625201, 54, 0.29961070993180056, 55, 0.23499697966207272, 56, 0.31000831905274234, 57, 0.21141539127695178, 58, 0.22386739899120117, 59, 0.3762555637298962, 60, 0.5099589089795079, 61, 0.375695761805025, 62, 0.44580248733747807, 63, 0.3778992283359982, 64, 0.5397683805334954, 65, 0.33289557321218816, 66, 0.30180402069921913, 67, 0.3291188976056863, 68, 0.6983026164613424, 69, 0.3093303309904463, 70, 0.5312821728504663, 71, 0.23225231665511922, 72, 0.32745211239767624, 73, 0.258745610903586, 74, 0.4548021459055472, 75, 0.4576969608331186, 76, 0.27816398818503424, 77, 0.25167138881011347, 78, 0.3267552903339046, 79, 0.6603320962662557, 80, 0.4156145383302859, 81, 0.24441644870451876, 82, 0.25416948260059885, 83, 0.3394509264157809, 84, 0.3169223847901101, 85, 0.33723079756956753, 86, 0.31431811038342794, 87, 0.4385648505203603, 88, 0.23329712448024914, 89, 0.4667080413450481, 90, 0.6054309790340234, 91, 0.37063471469453424, 92, 0.5182328751510894, 93, 0.2444293938798197, 94, 0.3611179901959989, 95, 0.11825797701880468, 96, 0.3583301136748212, 97, 0.3916872955182441, 98, 0.255157789640538, 99, 0.22758313397100877, 100, 0.524966507118154, 101, 0.4303352961460098, 102, 0.4467026327202091, 103, 0.256595389496965, 104, 0.37647776629563606, 105, 0.36060430642314284, 106, 0.2765769782724697, 107, 0.34817203503814176, 108, 0.23310887566845848, 109, 0.3556016140686168, 110, 0.23023188093028252, 111, 0.7457937227753779, 112, 0.3651435728055664, 113, 0.4747526602853446, 114, 0.5681309255084398, 115, 0.38514685643531604, 116, 0.6074090887983847, 117, 0.14641188822714876, 118, 0.3868505077105227, 119, 0.39965914253344736, 120, 0.2601380154647613, 121, 0.38803465615708804, 122, 0.32798596246136097, 123, 0.1781161242715184, 124, 0.29727547665689225, 125, 0.1969514279938452, 126, 0.43629251892708737, 127, 0.2809637428736555, 128, 0.2615254846001593, 129, 0.36031941633100445, 130, 0.6169688719644673, 131, 0.44528355575807127, 132, 0.19223678743808761, 133, 0.4392846434183376, 134, 0.13963244914993153, 135, 0.2973874513872596, 136, 0.39310856568022595, 137, 0.3684401296899445, 138, 0.4685987593954678, 139, 0.23811380711875713, 140, 0.41221669243374554, 141, 0.37567901583450614, 142, 0.4804707927013268, 143, 0.3307824043867426, 144, 0.5518209847181776, 145, 0.34694464143396736, 146, 0.1593535518656078, 147, 0.20877877560391375, 148, 0.18092453831220154, 149, 0.4132470203022198, 150, 0.3620861541174596, 151, 0.24263021448321936, 152, 0.3170760094683878, 153, 0.3539576828772562, 154, 0.23328737130632785, 155, 0.3967932166516047, 156, 0.42201907634027525, 157, 0.42294083103015023, 158, 0.1984968217585782, 159, 0.17314933781084582, 160, 0.16553259783058363, 161, 0.3454809882726973, 162, 0.1472721496594399, 163, 0.1881035546208192, 164, 0.2686530033049419, 165, 0.2472968540282558, 166, 0.3775249817668608, 167, 0.1690828981017128, 168, 0.3062364943088981, 169, 0.22840572819759503, 170, 0.27216461989529794, 171, 0.17801489892987377, 172, 0.326671852640314, 173, 0.40639051964111916, 174, 0.3683514188836123, 175, 0.31565216223838005, 176, 0.43573120739410837, 177, 0.29922502043925453, 178, 0.1484096350219727, 179, 0.16432911617359194, 180, 0.4093697171473483, 181, 0.508218212464579, 182, 0.06470303018548532, 183, 0.3174345159431346, 184, 0.4596368920886758, 185, 0.23324179895179983, 186, 0.18284351849846373, 187, 0.16175729458578553, 188, 0.13757753674037373, 189, 0.37610586826428977, 190, 0.31448256843782274, 191, 0.3432316052665772, 192, 0.3346933656364957, 193, 0.15103754177903253, 194, 0.2567616156710091, 195, 0.4696601451265638, 196, 0.39385559414050136, 197, 0.20286933161934145, 198, 0.04364156006715178, 199, 0.3703174295141712, 200, 0.4709488466690674, 201, 0.30382650581932436, 202, 0.3355787523045516, 203, 0.3997446763667733, 204, 0.4029432850623754, 205, 0.21590784310435798, 206, 0.12929552112671844, 207, 0.12939444354447638, 208, 0.31904481458864814, 209, 0.37538708249718716, 210, 0.2402842847685555, 211, 0.16794531646600444, 212, 0.2974356207942082, 213, 0.3001047054186065, 214, 0.30852142115995895, 215, 0.13188484511182955, 216, 0.4995035866891019, 217, 0.33039619493445316, 218, 0.5948912349737684, 219, 0.29660131937529627, 220, 0.31840209307734096, 221, 0.36293820969730045, 222, 0.545474967012923, 223, 0.4382266594314185, 224, 0.2372038660476373, 225, 0.34372088759677594, 226, 0.37968498409864904, 227, 0.3610325237577757, 228, 0.31561800838137644, 229, 0.3105883683924596, 230, 0.3312278633828324, 231, 0.24859753285951622, 232, 0.16497772878104686, 233, 0.40554265295209485, 234, 0.3716534325600029, 235, 0.2598849142263489, 236, 0.5543411088167125, 237, 0.3799443270617171, 238, 0.3838102240311983, 239, 0.34096984378257095, 240, 0.24735041248344883, 241, 0.31409607898999603, 242, 0.4008003394581427, 243, 0.14462121227050462, 244, 0.21953024358098175, 245, 0.31877524511662103, 246, 0.3008452284134117, 247, 0.2801835015594732, 248, 0.31086386365351637, 249, 0.2953983429871904, 250, 0.24720391129384456, 251, 0.28209053068700046, 252, 0.3063167312219877, 253, 0.221756098720168, 254, 0.2679139499656766, 255, 0.385476948623022, 256, 0.26321192310052977, 257, 0.3212273666490946, 258, 0.230932398943545, 259, 0.3581255322494619, 260, 0.3202430384953106, 261, 0.19255285152249316, 262, 0.10293364392774935, 263, 0.3511662648025499, 264, 0.1905834900961804, 265, 0.10023491429786796, 266, 0.30804622946129717, 267, 0.2638532120798299, 268, 0.34237780821832864, 269, 0.20510080985991547, 270, 0.3260695185952648, 271, 0.34923598680353796, 272, 0.30628722578485074, 273, 0.15462570456373262, 274, 0.28963340760224726, 275, 0.10709539212965644, 276, 0.25897406994438316, 277, 0.22991866254166757, 278, 0.21501874141089294, 279, 0.5964802514894314, 280, 0.2433058342683175, 281, 0.362785181656411, 282, 0.2240899028340479, 283, 0.21688983401024575, 284, 0.2845979035437446, 285, 0.17717209361243244, 286, 0.05826927103364077, 287, 0.310254437144488, 288, 0.20379280264850294, 289, 0.1299146843761463, 290, 0.17940905213142383, 291, 0.3721748003895262, 292, 0.2508531411035305, 293, 0.26550744561939, 294, 0.333248690054041, 295, 0.23133438406570864, 296, 0.03937083214198888, 297, 0.1607922554562736, 298, 0.07610241368770046, 299, 0.20336086650751345, 300, 0.18840909748989668, 301, 0.31247087369129123, 302, 0.16516553026207959, 303, 0.204974594359136, 304, 0.33180947113607784, 305, 0.23684144379358016, 306, 0.5568683148724564, 307, 0.06955251459882882, 308, 0.18748132288876798, 309, 0.21279683783095044, 310, 0.13136542746763344, 311, 0.22914684978812247, 312, 0.22086905167927254, 313, 0.19944038540890852, 314, 0.27236074642339053, 315, 0.312137484491463, 316, 0.24016090852503041, 317, 0.37722969025980024, 318, 0.3733895893087505, 319, 0.2945248710809185, 320, 0.30961792974295654, 321, 0.31726698418758226, 322, 0.13869550642297443, 323, 0.028896950408503073, 324, 0.12724738461292195, 325, 0.10760044840173966, 326, 0.18047599737552347, 327, 0.548807244831491, 328, 0.09723233291172201, 329, 0.5821653678522177, 330, 0.3097113277363963, 331, 0.5859911257186858, 332, 0.37663374804461797, 333, 0.3099772838306329, 334, 0.1659134451697821, 335, 0.6371977667285524, 336, 0.1739117947676579, 337, 0.2940281435616348, 338, 0.12007084421138932, 339, 0.4098439922034773, 340, 0.35863502335726377, 341, 0.3838401699357058, 342, 0.13622635416133397, 343, 0.13839561819112342, 344, 0.3608725117257335, 345, 0.1809860684426897, 346, 0.22803741273528547, 347, 0.3398069058144111, 348, 0.21079900500882343, 349, 0.1583622114552803, 350, 0.23734826718150862, 351, 0.20278961988716285, 352, 0.26312354059432785, 353, 0.2378673742495899, 354, 0.31470815430220617, 355, 0.3079117097090792, 356, 0.42480906667280405, 357, 0.10859951587727486, 358, 0.04685754415099173, 359, 0.6361762363995661, 360, 0.1755010058060563, 361, 0.22647438817998228, 362, 0.13837705830576444, 363, 0.42754456731659535, 364, 0.1497200545270296, 365, 0.28422010625487537, 366, 0.22961042119619757, 367, 0.18215165768487598, 368, 0.12852703102497093, 369, 0.1928928559498377, 370, 0.17849741365997307, 371, 0.04438529662690738, 372, 0.248481322802558, 373, 0.13082670923020318, 374, 0.18524409775411102, 375, 0.1297118583583046, 376, 0.11490341044750738, 377, 0.1631892607123303, 378, 0.028694793764810864, 379, 0.24494697361843853, 380, 0.19979674615329204, 381, 0.23920508866303603, 382, 0.3273199760227225, 383, 0.16373577746155477, 384, 0.310810415107477, 385, 0.22960309889562985, 386, 0.24545451454300776, 387, 0.3543987555914388, 388, 0.24235763317065087, 389, 0.21801434837411962, 390, 0.0366573062439718, 391, 0.2608610085303163, 392, 0.6653726223701478, 393, 0.3446996310468993, 394, 0.25328066018170786, 395, 0.09414834089297065, 396, 0.14477769422340994, 397, 0.1085892571232871, 398, 0.0788201777217339, 399, 0.16398352052558948, 400, 0.17736122505875207, 401, 0.25350415410205657, 402, 0.37157320126214916, 403, 0.09419362920854643, 404, 0.34098303148362297, 405, 0.3826188296370803, 406, 0.16244498700486368, 407, 0.1877719233186041, 408, 0.16648818130344936, 409, 0.21257136157947254, 410, 0.3221991489381702, 411, 0.406489976022696, 412, 0.1666613092873092, 413, 0.09612599195756383, 414, 0.24998594720927392, 415, 0.4365609238278652, 416, 0.27346798670644323, 417, 0.23193967594949533, 418, 0.34247404497736383, 419, 0.20017797236835086, 420, 0.2542475761906855, 421, 0.22184342955378314, 422, 0.10563759409835413, 423, 0.1747904530163557, 424, 0.23240177503482579, 425, 0.3523396045350508, 426, 0.16795451711355222, 427, 0.12322827260784351, 428, 0.2537722489759573, 429, 0.14839289211359166, 430, 0.12117980399912728, 431, 0.2848572246100601, 432, 0.2292925044017307, 433, 0.27945438443228726, 434, 0.15016517047972247, 435, 0.18096250570690744, 436, 0.22857189966455654, 437, 0.21201066781254732, 438, 0.25655051591098155, 439, 0.3133376648440119, 440, 0.26762293270939563, 441, 0.361747567633831, 442, 0.3192330854567967, 443, 0.18356658149851252, 444, 0.1594230934769398, 445, 0.31958989285228534, 446, 0.22414876428667813, 447, 0.19321788810390844, 448, 0.040764250129942586, 449, 0.3043762659005331, 450, 0.23955480192498338, 451, 0.2498812583224928, 452, 0.06484279868499383, 453, 0.10828670128021041, 454, 0.33048020419746627, 455, 0.273664288265368, 456, 0.39222235586663856, 457, 0.15007428034509954, 458, 0.8397114940484436, 459, 0.06374215460556204, 460, 0.3213413666856298, 461, 0.4065421973115017, 462, 0.14374295327402078, 463, 0.18009621866336778, 464, 0.1500141241593683, 465, 0.12042499300763251, 466, 0.29112335945785256, 467, 0.18691364038522834, 468, 0.1814512790047021, 469, 0.38294254743445433, 470, 0.14993072277118147, 471, 0.17855936842688006, 472, 0.06246465271814568, 473, 0.48498926583918883, 474, 0.35261545041666664, 475, 0.21207085941388992, 476, 0.17061912025118803, 477, 0.17028820208949014, 478, 0.2033709265937039, 479, 0.12638884540905604, 480, 0.19391903765558202, 481, 0.25719272965881684, 482, 0.20483551251090296, 483, 0.22659870279119634, 484, 0.17396356228008344, 485, 0.1307399822702848, 486, 0.28930375228273497, 487, 0.06924253464675408, 488, 0.06695412732597528, 489, 0.049969985889664635, 490, 0.055520498458048136, 491, 0.18827293598017825, 492, 0.45308955455144834, 493, 0.26335915968909457, 494, 0.31637275087437383, 495, 0.15327457281864137, 496, 0.4794270068732793, 497, 0.32049405728609176, 498, 0.19234746941732575, 499, 0.09073124147015481, 500, 0.06645895827696256, 501, 0.33473576585025167, 502, 0.1598470559487497, 503, 0.4173032977756029, 504, 0.05996196218189238, 505, 0.23197264266135367, 506, 0.0742184152244178, 507, 0.17661655457275974, 508, 0.12204248493542919, 509, 0.3527165416818297, 510, 0.1383632297304366, 511, 0.22923323515364044, 512, 0.01837184730950407, 513, 0.18084616721624006, 514, 0.13641873704848273, 515, 0.185528605339465, 516, 0.5029160867049002, 517, 0.17757949103758966, 518, 0.21475132109084002, 519, 0.03264187137041487, 520, 0.13970305908885758, 521, 0.16345841595845162, 522, 0.142432994374881, 523, 0.04448072124764273, 524, 0.23510352202885626, 525, 0.294027918524727, 526, 0.2690841009003198, 527, 0.14652956834582473, 528, 0.22167905608414132, 529, 0.2096677586992405, 530, 0.1566193067112286, 531, 0.29158395367092316, 532, 0.22598029548659146, 533, 1.0004592235895822, 534, 0.28664173239517987, 535, 0.2591351707669884, 536, 0.15359263370072143, 537, 0.3336272214606719, 538, 0.22965186210040212, 539, 0.17960118099277717, 540, 0.7346137912032241, 541, 0.2406551786916383, 542, 0.20290559740775277, 543, 0.167854776852793, 544, 0.08555654723558022, 545, 0.2429040690002416, 546, 0.05866338979467596, 547, 0.23306875721716802, 548, 0.008116907866952175, 549, 0.14811498368756534, 550, 0.29722493775004877, 551, 0.12953480222518415, 552, 0.054496669688086, 553, 0.13185632819258672, 554, 0.2738817176912881, 555, 0.23168152030497316, 556, 0.3637632889123337, 557, 0.13293973482880864, 558, 0.13623529799332273, 559, 0.041929260395650925, 560, 0.13397075268868244, 561, 0.18636107030664964, 562, 0.33947314386278554, 563, 0.2552186959948555, 564, 0.2149316872773963, 565, 0.042694566223353006, 566, 0.25811806840995405, 567, 0.45258636792022316, 568, 0.20670517624923138, 569, 0.13561761183773355, 570, 0.01683205293415479, 571, 0.20091720993114695, 572, 0.22754793834195805, 573, 0.05442139288675177, 574, 0.14159752654676586, 575, 0.3411747025008848, 576, 0.2742559520974313, 577, 0.26372667190280563, 578, 0.1460425092646737, 579, 0.1597165948267662, 580, 0.20586455798128372, 581, 0.048114393130662646, 582, 0.20739133233541937, 583, 0.1820656712392273, 584, 0.30739545586099304, 585, 0.16376457951963538, 586, 0.26555313419248333, 587, 0.23122574288493555, 588, 0.32812811173372747, 589, 0.2263775691368182, 590, 0.14673885329875364, 591, 0.2142485817457037, 592, 0.06328692656299444, 593, 0.13704429690103329, 594, 0.07916845002736447, 595, 0.15014487964166381, 596, 0.07570375798884356, 597, 0.2365135614546986, 598, 0.24905477501550757, 599, 0.3096226643203605, 600, 0.19548127635581664, 601, 0.2719875142432836, 602, 0.13946159290154464, 603, 0.16526035277123766, 604, 0.08609323337133691, 605, 0.18770057663826345, 606, 0.22545715176679543, 607, 0.09157159000422177, 608, 0.5836830059812049, 609, 0.19460548373815362, 610, 0.04923211501754267, 611, 0.17281421965680016, 612, 0.2877403890671099, 613, 0.13274694573793464, 614, 0.1554217087751675, 615, 0.16164488785875894, 616, 0.22572174327409075, 617, 0.17123198816302682, 618, 0.311659271321091, 619, 0.189316926945787, 620, 0.12436743374729847, 621, 0.11803190578973484, 622, 0.0929509631175352, 623, 0.17160869861936293, 624, 0.037049416034961584, 625, 0.18120835140212407, 626, 0.10806615953038559, 627, 0.01942075637465092, 628, 0.1400284276287089, 629, 0.20712687628936124, 630, 0.1593653428439427, 631, 0.152268579440621, 632, 0.10605114644034795, 633, 0.18431183371040122, 634, 0.18270337209534743, 635, 0.34751366951820445, 636, 0.11850002102536157, 637, 0.255493389772383, 638, 0.15416900382796864, 639, 0.10872725450264324, 640, 0.13051112463017916, 641, 0.2615987375634121, 642, 0.26642075477800453, 643, 0.14294503808873138, 644, 0.12332254810334267, 645, 0.1294599210288688, 646, 0.13924330076864838, 647, 0.27086240454941546, 648, 0.2502953714489039, 649, 0.0836832717490021, 650, 0.5001843320877533, 651, 0.05273370588162529, 652, 0.03096896191474561, 653, 0.14546697772917244, 654, 0.12950894611059469, 655, 0.3973246498097863, 656, 0.0823271024563088, 657, 0.14177864137219193, 658, 0.21574616988379133, 659, 0.24278968445969523, 660, 0.34230602028397045, 661, 0.22422439383277398, 662, 0.13354100881387876, 663, 0.06307246212195924, 664, 0.5910131870763197, 665, 0.37863692795625276, 666, 0.04033901589115819, 667, 0.07404400600493978, 668, 0.03645644909781057, 669, 0.047766411061777765, 670, 0.15257042310362445, 671, 0.07525260888311805, 672, 0.05263290393690746, 673, 0.13675960869541903, 674, 0.06482326632165743, 675, 0.2516812356533061, 676, 0.1598113128623084, 677, 0.21197594101997058, 678, 0.2673068083355127, 679, 0.4160454266936134, 680, 0.07113847398410364, 681, 0.1436184433383509, 682, 0.24707146405478558, 683, 0.2759474540640164, 684, 0.10543493740479079, 685, 0.1444766186369669, 686, 0.1580538496488223, 687, 0.9854608960978578, 688, 0.21094330542500603, 689, 0.21156622950386123, 690, 0.08685639611089574, 691, 0.07447655755479844, 692, 0.14042419633002315, 693, 0.07896882088269123, 694, 0.4629228875494707, 695, 0.2133177392676454, 696, 0.1873745674337343, 697, 0.21748026729542325, 698, 0.2701130998989011, 699, 0.031316847772609895, 700, 0.0519191309500732, 701, 0.050688448150757265, 702, 0.11591763057104432, 703, 0.1478067192826976, 704, 0.046696099959015656, 705, 0.13678041033593738, 706, 0.030347793737058155, 707, 0.3059111933813622, 708, 0.09016626547478497, 709, 0.15493160021138022, 710, 0.09747676987840975, 711, 0.13774297315944944, 712, 0.3238766871716302, 713, 0.22328656504354638, 714, 0.12655554734841643, 715, 0.23035438443509276, 716, 0.08059218526543456, 717, 0.15481923897391262, 718, 0.060609132745425884, 719, 0.12704135287499924, 720, 0.051523940794194936, 721, 0.20135585987615562, 722, 0.04070695136096927, 723, 0.14110129060192567, 724, 0.07863229857446492, 725, 0.2316391613102896, 726, 0.29927070827126684, 727, 0.08990603459379161, 728, 0.18238272669609118, 729, 0.05668286846272614, 730, 0.03368709873876937, 731, 0.14525892706193497, 732, 0.5951300143993206, 733, 0.687353494999645, 734, 0.224462295941533, 735, 0.09562369242205666, 736, 0.33158112581744914, 737, 0.214781381782346, 738, 0.041394904409508194, 739, 0.0825028446508452, 740, 0.06525817386961365, 741, 0.12442272598394766, 742, 0.1541763505091576, 743, 0.20988245435092565, 744, 0.18438682015831895, 745, 0.3665707286885183, 746, 0.29472109954405457, 747, 0.1416927741272414, 748, 0.07871126025650745, 749, 0.23526483234641388, 750, 0.19936189108945718, 751, 0.680030752527212, 752, 0.1065762089957874, 753, 0.2567201954538475, 754, 0.13649882101539326, 755, 0.2214639470204372, 756, 0.16272908646837309, 757, 0.13389402446132306, 758, 0.1494136123806061, 759, 0.15924449932573487, 760, 0.14851285981080148, 761, 0.15965194376227423, 762, 0.10898749107400987, 763, 0.40205516652024564, 764, 0.03662280696351239, 765, 0.14271411475519422, 766, 0.4192985824136357, 767, 0.23330818847482346, 768, 0.16555444503745986, 769, 0.16692065956385893, 770, 0.0813223441091829, 771, 0.32452350030882543, 772, 0.09236654535411395, 773, 0.13614445212884052, 774, 0.21411379691902122, 775, 0.20994152985227005, 776, 0.17320315692449448, 777, 0.04493930816032813, 778, 0.028863107232081946, 779, 0.056328841379136775, 780, 0.12301747978019245, 781, 0.2115694005236348, 782, 0.03171080204663505, 783, 0.12561971056254956, 784, 0.08573538831090005, 785, 0.05453536589568438, 786, 0.2373758646415631, 787, 0.24295034390511674, 788, 0.24090204733952908, 789, 0.026110853467981136, 790, 0.1172226134229851, 791, 0.11527029213854874, 792, 0.01725174794562017, 793, 0.15090745398002128, 794, 0.41187536992547447, 795, 0.10029385196138202, 796, 0.18084595204955387, 797, 0.31517762582146563, 798, 0.049644005662854214, 799, 0.37920304208818717, 800, 0.22900588209754785, 801, 0.3191541722742221, 802, 0.1366915299448402, 803, 1.1065849893952904, 804, 0.2928749293426473, 805, 0.2427705576435594, 806, 0.4384511206744621, 807, 0.31890705854018064, 808, 0.2734113220040612, 809, 0.25931641123358495, 810, 0.2799690071328687, 811, 0.09537642286322662, 812, 0.334928184072428, 813, 0.3016720828627134, 814, 0.13784445514107535, 815, 0.15784619275547085, 816, 0.07634309228447922, 817, 0.18108436024345795, 818, 0.12459446680920598, 819, 0.10821536759848231, 820, 0.07534340826460509, 821, 0.23250810594439641, 822, 0.1379275924666596, 823, 0.09978508729007687, 824, 0.1758827621160569, 825, 0.1465999183342884, 826, 0.17333460349165605, 827, 0.18127434059000253, 828, 0.2962714902173314, 829, 0.11765049453964795, 830, 0.19739358631025172, 831, 0.2406484592284731, 832, 0.14833225280374324, 833, 0.17880921370092864, 834, 0.29267963675938957, 835, 0.29712973485991095, 836, 0.10880224627149379, 837, 0.0822101428562613, 838, 0.27623350102415917, 839, 0.006582330587196653, 840, 0.059101883714877165, 841, 0.04772287951845097, 842, 0.49611392401506554, 843, 0.10536597632602257, 844, 0.3089213080503229, 845, 0.026775781491614713, 846, 0.1396582655352996, 847, 0.05715524006796532, 848, 0.06296900612406944, 849, 0.04668646009594116, 850, 0.10192356310050078, 851, 0.04168088632516254, 852, 0.11181545554495488, 853, 0.12645621037715596, 854, 0.464321663492744, 855, 0.05204766715364379, 856, 0.1668466516333119, 857, 0.1223867268527245, 858, 0.08007598723941034, 859, 0.15575340284209382, 860, 0.1444186559552629, 861, 0.42435553472634635, 862, 0.25206047006686827, 863, 0.24146808311617887, 864, 0.05494095008740998, 865, 0.06222611521922087, 866, 0.13895308662165123, 867, 0.12996028868787218, 868, 0.10263935919581034, 869, 0.05327124893991194, 870, 0.23793530453526082, 871, 0.022081730426010616, 872, 0.13458367296408602, 873, 0.24008643955211004, 874, 0.16483170198144098, 875, 0.19480948286928376, 876, 0.2229177262186182, 877, 0.15929761362362668, 878, 0.16810371596093876, 879, 0.0862611014744384, 880, 0.31724952516010985, 881, 0.19537596500162013, 882, 0.14455684356456736, 883, 0.46675815473676263, 884, 0.0657569376804083, 885, 0.06539628811865003, 886, 0.39284938843572614, 887, 0.03952874994261798, 888, 0.20007098667254236, 889, 0.32241863833028167, 890, 0.30077422542960797, 891, 0.3375281105854085, 892, 0.2494880136422098, 893, 0.1669631072824244, 894, 0.18703961171873115, 895, 0.10130331578092375, 896, 0.38495374614962174, 897, 0.2974226057515322, 898, 0.09359425410928911, 899, 0.23672243036433452, 900, 0.08678842623060251, 901, 0.2201320803298977, 902, 0.1379896580990252, 903, 0.10614316586836156, 904, 0.2516175049348301, 905, 0.16771925808569066, 906, 0.166176708284652, 907, 0.11837325781050287, 908, 0.21889391809569397, 909, 0.05793637222269628, 910, 0.1659126918161974, 911, 0.16330631968438905, 912, 0.3642752425899883, 913, 0.1198635970495434, 914, 0.29643739417426784, 915, 0.24272459162037305, 916, 0.1485518271191898, 917, 0.14506324739468782, 918, 0.045183322738488796, 919, 0.3178556123897851, 920, 0.09357401351712866, 921, 0.08601343216994145, 922, 0.2338444851895985, 923, 0.12041066162147543, 924, 0.1098967204718974, 925, 0.2416420674017696, 926, 0.017057510503592097, 927, 0.042010879171251535, 928, 0.5679713016722433, 929, 0.032212820840627175, 930, 0.18463585150919654, 931, 0.4209203482166796, 932, 0.19256720935954397, 933, 0.21750123032568383, 934, 0.42311691489922165, 935, 0.2583178382674286, 936, 0.13255480913676831, 937, 0.2299561279378981, 938, 0.18890456033144562, 939, 0.06957032386588438, 940, 0.2747082314307835, 941, 0.3470335404182634, 942, 0.14770329482403227, 943, 0.10441342450103144, 944, 0.06227394684126702, 945, 0.058781643103250805, 946, 0.18464184872771786, 947, 0.23744695145693875, 948, 0.17937193545181876, 949, 0.36355021838525864, 950, 0.5342289210715919, 951, 0.10933078458571094, 952, 0.18430201040285696, 953, 0.09928080927297304, 954, 0.11180437373395787, 955, 0.25947735590967014, 956, 0.0743247878072464, 957, 0.2114569133894679, 958, 0.15530188406446524, 959, 0.053423007773410906, 960, 0.06567941268695736, 961, 0.12934855235731615, 962, 0.6631285120678397, 963, 0.4210236586848646, 964, 0.2747202977302835, 965, 0.46043038344556886, 966, 0.2073708156757488, 967, 0.07845964065134937, 968, 0.05333736433503977, 969, 0.06377861418701782, 970, 0.17713810502050809, 971, 0.20718370211126735, 972, 0.09181647767397227, 973, 0.1250319773540879, 974, 0.1058470880519064, 975, 0.07321524319654119, 976, 0.36409629125174603, 977, 0.15423161546524997, 978, 0.37471018734840283, 979, 0.08825316763420182, 980, 0.19473513702025938, 981, 0.13068219061993666, 982, 0.13077733241836026, 983, 0.06775569675258598, 984, 0.17915273271463214, 985, 0.07937803826205146, 986, 0.1361757490410967, 987, 0.05259098422107316, 988, 0.15699283681391044, 989, 0.15126504680037745, 990, 0.2040144491076984, 991, 0.06608199724015285, 992, 0.1313641559781946, 993, 0.03305422014404912, 994, 0.1293501345125167, 995, 0.16499637536353753, 996, 0.2273663975683954, 997, 0.13230835534074598, 998, 0.07371327876158608, 999, 0.16788388451183098, 1000, 0.3112514027441531]