COMMENT:
run 16: increased training time to 800 epochs, 1000/1800 spectra, adam, lr 1e-4, bce, bs30, apparently longer learning time makes model converging better, trying 2x epoch number
=================MODEL=================
NeuralNetwork(
  (neural_stack): Sequential(
    (0): Linear(in_features=8575, out_features=2048, bias=True)
    (1): LeakyReLU(negative_slope=0.01)
    (2): Linear(in_features=2048, out_features=1024, bias=True)
    (3): LeakyReLU(negative_slope=0.01)
    (4): Linear(in_features=1024, out_features=512, bias=True)
    (5): LeakyReLU(negative_slope=0.01)
    (6): Linear(in_features=512, out_features=256, bias=True)
    (7): LeakyReLU(negative_slope=0.01)
    (8): Linear(in_features=256, out_features=128, bias=True)
    (9): LeakyReLU(negative_slope=0.01)
    (10): Linear(in_features=128, out_features=50, bias=True)
    (11): LeakyReLU(negative_slope=0.01)
    (12): Linear(in_features=50, out_features=30, bias=True)
    (13): LeakyReLU(negative_slope=0.01)
    (14): Linear(in_features=30, out_features=5, bias=True)
    (15): LeakyReLU(negative_slope=0.01)
    (16): Linear(in_features=5, out_features=1, bias=True)
    (17): Sigmoid()
  )
)
================OPTIMIZER================
SimulatedAnnealing ()Adam (
Parameter Group 0
    amsgrad: False
    betas: (0.9, 0.999)
    capturable: False
    decoupled_weight_decay: False
    differentiable: False
    eps: 1e-08
    foreach: None
    fused: None
    lr: 0.0001
    maximize: False
    weight_decay: 0
)
================LOSS FUNC================
BCELoss()
================LOSSES================
[0.8072453121125789, 0.42956008442950566, 0.3301002905568405, 0.32605043158408714, 0.346518894273025, 0.3260440513836761, 0.49471619591290544, 0.2504573171647718, 0.4792665372066948, 0.393961601803762, 0.16648062561376423, 0.1811885234159272, 0.1687409562959425, 0.3945214364261381, 0.18943027166760867, 0.562268993422179, 0.2490722694963728, 0.3285221983955438, 0.25142849933247235, 0.3246135691670734, 0.2531091436877127, 0.24224722111849903, 0.11423002651848806, 0.24794087634887188, 0.18855402972236276, 0.2496512834513921, 0.32898328862052395, 0.32430589945799865, 0.45285966861711496, 0.3953388989149035, 0.40847283176726756, 0.2455856056203668, 0.18049441778880332, 0.32737789199480916, 0.2573197312286462, 0.174945601658895, 0.3912576391593363, 0.16777900634857565, 0.1336006507602528, 0.3227228151086842, 0.5526811237485795, 0.40512694424537854, 0.08852106588365807, 0.10643198979501108, 0.279223051211317, 0.2434465993534922, 0.48086893655708013, 0.26250460631221556, 0.3213919679717766, 0.24463158078402578, 0.32594864119541384, 0.24227869722313564, 0.45212051291363586, 0.4553653605728166, 0.32664643823219386, 0.1650617811842537, 0.3298012019969008, 0.2603827498685584, 0.518113129217438, 0.3350415352175141, 0.18133040634823708, 0.17633686706168106, 0.33348288884439653, 0.45406677511868165, 0.392418325572716, 0.4007176058417271, 0.24325541555591204, 0.5307484924935228, 0.18313618196470885, 0.410255289316067, 0.40880321430043565, 0.40361445045151517, 0.3259630122102999, 0.32039634563188407, 0.3982103137619557, 0.4041783012880386, 0.16343345717652688, 0.4874521371879978, 0.3321544889076068, 0.3914367729763166, 0.39212888487539305, 0.26311218621816923, 0.2444965503995789, 0.39252818665788725, 0.1874623784865666, 0.398927597588661, 0.08596144929543624, 0.4027192035740944, 0.24509617143568715, 0.49066370551480837, 0.6056654287548507, 0.24517253558444088, 0.3257874695594482, 0.41219942286125255, 0.4584046168708292, 0.3226080704691664, 0.16227841442903151, 0.24543791381638455, 0.3990463779902796, 0.3226225802736213, 0.31972238709135653, 0.10871369170841023, 0.16644904003079727, 0.31903111687961183, 0.32831563319519047, 0.1649549474255946, 0.18088330314884898, 0.32494346705124183, 0.488921116606616, 0.32276567291030944, 0.247641488583707, 0.32479477611422236, 0.17104802521110044, 0.25776655749982785, 0.5400861043703318, 0.7676609679182836, 0.39786572797866426, 0.46503026615949467, 0.24183512258498335, 0.25604651626294533, 0.24156143996995502, 0.6544712583228022, 0.321968637613706, 0.31417986246768287, 0.2516928952970281, 0.1811738730734822, 0.172215858765806, 0.32152841502214746, 0.24043003564642854, 0.3167808867197491, 0.24832813155101327, 0.1063872141452262, 0.39895126758832655, 0.3810640689634261, 0.24274607263846193, 0.38660326157953334, 0.20211878810549744, 0.2531496503691528, 0.2343245039138422, 0.39543710648319924, 0.167916775782222, 0.45916973551214574, 0.32144165887758924, 0.264234270159954, 0.10372536617989396, 0.4618672175145647, 0.46542266109188907, 0.3195897368188375, 0.24510203770630562, 0.16774672139433613, 0.24425765051608578, 0.38885764151545327, 0.5514333288766099, 0.583098906194802, 0.1505080289720553, 0.2489443009671099, 0.5171874919147782, 0.3194603325623903, 0.47949962609624286, 0.40055702762147327, 0.39036374549274666, 0.2858864411616011, 0.31589763801486304, 0.26349583834831175, 0.3241712449125423, 0.48217407727440903, 0.5546372183994254, 0.32304875119271304, 0.13303045710738676, 0.6238933626127994, 0.31506230660223333, 0.3907010487393678, 0.13488746114852698, 0.4313717699341255, 0.39157943084084734, 0.3898840028689657, 0.4013738839534906, 0.23984037979616765, 0.30745568347686525, 0.3329723530777384, 0.40077703614366395, 0.3117474084135475, 0.08204621252467094, 0.29150378968431023, 0.2497125000781729, 0.17638975956305594, 0.45889280433954105, 0.5020675805788948, 0.4212500584478279, 0.3760738890229389, 0.1154766051158533, 0.19766231492476358, 0.18483459996892965, 0.1772000710092067, 0.29602723359335664, 0.2350364213306417, 0.22381623778857454, 0.46364213945079646, 0.23289320874020963, 0.3470560770373261, 0.23862785109472656, 0.30358592517838967, 0.14238366079539447, 0.46151389290467254, 0.2288099227752748, 0.3149052319298453, 0.24005500734577118, 0.23047188319126094, 0.38908624080608584, 0.31414411667841924, 0.32195552389680504, 0.3166864611675624, 0.37065038320055216, 0.19515492538565787, 0.3054563167300876, 0.3141542531565123, 0.3356169501845407, 0.4482977271169876, 0.22489003826747195, 0.174583944538776, 0.3975751573421987, 0.27809892866032726, 0.3915208963074008, 0.5389015291598164, 0.25922564712627844, 0.3040951261802089, 0.0969836409891411, 0.4949231130615163, 0.22945892683581473, 0.32094878614728933, 0.32474780890759775, 0.2899497428304052, 0.7841088270720166, 16.666666666666668, 6.666666666666667, 10.0, 20.0, 13.333333333333334, 10.0, 13.333333333333334, 13.333333333333334, 3.3333333333333335, 13.333333333333334, 6.666666666666667, 26.666666666666668, 13.333333333333334, 16.666666666666668, 3.3333333333333335, 16.666666666666668, 16.666666666666668, 3.3333333333333335, 10.0, 3.3333333333333335, 6.666666666666667, 10.0, 20.0, 0.0, 6.666666666666667, 13.333333333333334, 13.333333877731627, 6.666666666666667, 20.0, 13.333333333333334, 10.0, 20.0, 10.0, 6.666667178732494, 0.0, 10.0, 3.3333333333333335, 3.3333333333333335, 10.0, 3.3333333333333335, 20.0, 6.666666666666667, 6.666666666666667, 20.0, 10.0, 3.3333333333333335, 10.0, 6.666666666666667, 3.3333333333333335, 0.0, 10.0, 6.666666666666667, 3.3333333333333335, 6.666666666666667, 10.0, 6.666666666666667, 10.0, 16.666666666666668, 10.00000039762051, 6.666666666666667, 10.0, 6.666666666666667, 10.0, 10.0, 3.3333337049764102, 13.333333333333334, 3.3333333333333335, 10.0, 20.0, 10.0, 3.3333333333333335, 3.3333333333333335, 10.0, 10.0, 16.666666666666668, 3.3333333333333335, 3.3333333333333335, 10.0, 10.0, 6.666666666666667, 10.0, 3.3333333333333335, 3.3333333333333335, 6.666666666666667, 10.0, 6.666666666666667, 6.666666666666667, 13.333333333333334, 13.333333333333334, 3.3333333333333335, 6.666666666666667, 10.0, 6.666666666666667, 3.3333333333333335, 6.666666666666667, 23.333333333333332, 16.666666666666668, 10.0, 20.0, 0.0, 13.333333333333334, 13.333333333333334, 16.666666666666668, 13.333333333333334, 0.0, 13.333333333333334, 10.0, 0.0, 6.666666666666667, 3.3333333333333335, 0.0, 13.333333333333334, 16.666666666666668, 10.0, 10.0, 10.0, 0.0, 13.333333333333334, 6.666666666666667, 6.666666848923063, 6.666666666666667, 13.333333333333334, 10.0, 13.333333333333334, 6.666666666666667, 13.333333333333334, 10.0, 6.666666666666667, 10.0, 0.0, 13.333333333333334, 16.666666666666668, 13.333333333333334, 16.666666666666668, 6.6666668100456, 6.666666666666667, 10.0, 16.666666666666668, 3.3333333333333335, 10.0, 6.666666666666667, 10.0, 6.666666666666667, 10.0, 10.0, 0.0, 16.666666666666668, 10.0, 10.0, 3.3333333333333335, 6.666666666666667, 10.0, 10.0, 10.0, 6.666666666666667, 10.0, 10.0, 16.666666666666668, 6.666666666666667, 10.0, 6.666666666666667, 3.3333333333333335, 10.0, 13.333333333333334, 16.666666666666668, 13.333333333333334, 13.333333333333334, 0.0, 10.0, 13.333333333333334, 6.666666666666667, 6.666666666666667, 6.6666667479522665, 6.666666746518689, 3.3333333333333335, 6.666666666666667, 6.666666666666667, 6.666666666666667, 10.0, 0.0, 6.666666666666667, 10.0, 3.3333333333333335, 16.666666666666668, 10.0, 13.333333333333334, 10.0, 3.3333333333333335, 6.666666666666667, 13.333333333333334, 20.0, 13.333333333333334, 16.666666666666668, 6.666666666666667, 10.0, 10.0, 10.0, 6.666666666666667, 6.666666666666667, 13.333333333333334, 10.0, 10.0, 10.0, 23.333333333333332, 10.0, 10.0, 3.3333333333333335, 10.0, 20.0, 16.666666666666668, 6.666666666666667, 13.333333333333334, 16.666666666666668, 6.666666666666667, 10.0, 23.333333333333332, 10.0, 13.333333333333334, 3.3333333333333335, 0.0, 16.666666666666668, 10.0, 3.3333333333333335, 6.666666666666667, 16.666666666666668, 13.333333333333334, 16.666666666666668, 13.333333333333334, 20.0, 3.3333333333333335, 13.333333333333334, 6.666666666666667, 3.3333333333333335, 13.333333333333334, 6.666666666666667, 13.333333333333334, 13.333333333333334, 10.0, 10.0, 3.3333333333333335, 26.666666666666668, 6.666666666666667, 10.0, 6.666666666666667, 6.666666666666667, 10.000000026987097, 6.666666666666667, 6.666666666666667, 3.3333333333333335, 6.666666666666667, 6.666666666666667, 6.666666666666667, 16.666666666666668, 13.333333333333334, 6.666666666666667, 10.0, 0.0, 3.3333333333333335, 0.0, 10.0, 0.0, 0.0, 13.333333333333334, 3.3333333333333335, 10.0, 10.0, 3.3333333333333335, 0.0, 3.3333333333333335, 6.666666666666667, 6.666666666666667, 0.0, 10.0, 13.333333333333334, 10.0, 6.666666666666667, 6.666666666666667, 10.0, 10.0, 13.333333333333334, 0.0, 0.0, 16.666666666666668, 10.0, 10.0, 10.0, 0.0, 13.333333333333334, 16.666666666666668, 10.0, 6.666666666666667, 16.666666666666668, 13.333333346453674, 10.0, 0.0, 6.666666666666667, 13.333333333333334, 10.0, 13.333333333333334, 16.666666666666668, 16.666666666666668, 13.333333333333334, 13.333333333333334, 16.666666666666668, 6.666666666666667, 10.0, 3.3333333333333335, 10.0, 6.666666666666667, 10.0, 0.0, 0.0, 6.666666666666667, 13.333333333333334, 3.3333333333333335, 6.666666666666667, 20.0, 13.333333333333334, 16.666666666666668, 16.666666666666668, 0.0, 10.0, 10.0, 6.666666666666667, 13.333333333333334, 3.3333333333333335, 10.0, 3.3333333333333335, 13.333333333333334, 16.666666666666668, 6.666666666666667, 3.3333333333333335, 23.333333333333332, 16.666666666666668, 7.1582705566448615e-09, 10.0, 13.333333333333334, 10.0, 6.666666666666667, 6.666666666666667, 13.333333333333334, 0.0, 6.666666666666667, 16.666666666666668, 16.666666666666668, 20.0, 13.333333333333334, 6.666666666666667, 13.333333333333334, 10.0, 3.3333333333333335, 0.0, 16.666666666666668, 13.333333333333334, 10.0, 10.0, 10.0, 10.0, 6.666666666666667, 13.333333333333334, 6.666666666666667, 10.0, 10.0, 6.666666666666667, 16.666666666666668, 6.666666666666667, 10.0, 10.0, 6.666666666666667, 6.666666666666667, 13.333333333333334, 6.666666666666667, 6.666666666666667, 10.0, 16.666666666666668, 3.3333333333333335, 3.3333333333333335, 3.3333333333333335, 16.666666666666668, 10.0, 6.666666666666667, 6.666666666666667, 10.0, 20.0, 6.666666666666667, 13.333333333333334, 3.3333333333333335, 6.666666666666667, 20.0, 13.333333333333334, 13.333333333333334, 6.666666666666667, 10.0, 13.333333333333334, 6.666666666666667, 16.666666666666668, 10.0, 16.666666666666668, 0.0, 20.0, 16.666666666666668, 10.0, 10.0, 13.333333333333334, 13.333333333333334, 6.666666666666667, 6.666666666666667, 13.333333333333334, 6.666666669724111, 6.666666666666667, 10.0, 10.0, 10.0, 13.333333333333334, 13.333333333333334, 13.333333333333334, 23.333333333333332, 6.666666666666667, 6.666666666666667, 10.0, 10.0, 10.0, 6.666666666666667, 6.666666666666667, 20.0, 3.3333333333333335, 16.666666666666668, 13.333333333333334, 13.333333333333334, 13.333333333333334, 16.666666666666668, 20.0, 3.3333333333333335, 6.666666669039883, 10.0, 10.0, 10.0, 20.0, 6.666666666666667, 13.333333333333334, 13.333333333333334, 10.0, 26.666666666666668, 10.0, 13.333333333333334, 10.0, 3.3333333333333335, 3.3333333333333335, 0.0, 6.666666666666667, 13.333333333333334, 10.0, 13.333333333333334, 13.333333333333334, 6.666666666666667, 6.666666666666667, 10.0, 6.666666666666667, 10.0, 0.0, 6.666666666666667, 13.333333333333334, 10.0, 10.0, 13.333333333333334, 13.333333333333334, 0.0, 10.0, 3.3333333333333335, 6.666666666666667, 6.666666666666667, 6.666666666666667, 16.666666666666668, 13.333333333333334, 6.666666666666667, 6.666666666666667, 10.0, 13.333333334909492, 20.0, 3.3333333333333335, 3.3333333348761447, 13.333333333333334, 6.666666666666667, 10.0, 6.666666666666667, 6.666666666666667, 6.666666666666667, 3.3333333333333335, 6.666666666666667, 6.666666666666667, 3.3333333333333335, 10.0, 6.666666666666667, 16.666666666666668, 10.0, 0.0, 10.0, 3.3333333333333335, 23.333333333333332, 6.666666666666667, 10.0, 10.0, 6.666666666666667, 3.3333333333333335, 10.0, 16.666666666666668, 6.666666666666667, 10.0, 10.0, 6.666666666666667, 3.3333333333333335, 10.0, 16.666666666666668, 6.666666666666667, 6.666666666666667, 10.0, 20.0, 10.0, 10.0, 3.3333333333333335, 6.666666666666667, 3.3333333333333335, 6.666666666666667, 6.666666666666667, 13.333333333333334, 6.666666666666667, 13.333333333333334, 0.0, 3.3333333333333335, 3.3333333333333335, 10.0, 3.3333333333333335, 0.0, 6.666666666666667, 13.333333333333334, 10.0, 16.666666666666668, 13.333333333333334, 0.0, 6.666666666666667, 6.666666666666667, 6.666666666666667, 6.666666666666667, 20.0, 16.666666666666668, 10.0, 6.666666666666667, 10.0, 13.333333333333334, 20.0, 3.3333333342055202, 6.666666666666667, 6.666666666666667, 13.333333333333334, 10.0, 3.3333333333333335, 13.333333333333334, 13.333333333333334, 13.333333333333334, 16.666666666666668, 6.666666666666667, 13.333333333333334, 10.0, 7.816237045609129e-10, 13.333333333333334, 10.00000000077057, 3.3333333333333335]